0.000000 0.000000 0.000000
0.000000 0.000000 0.029166
0.363784 0.000000 0.028721
0.432826 0.000000 0.034172
0.297270 0.000000 0.030953
0.312454 0.000000 0.032534
0.391101 0.000000 0.037657
0.332339 0.000000 0.031999
0.501164 0.000000 0.034919
0.457273 0.000000 0.031861
0.308778 0.000000 0.034422
0.612531 0.000000 0.055464
0.351168 0.000000 0.031798
0.472649 0.000000 0.034076
0.438224 0.000000 0.031594
0.267596 0.000000 0.033810
0.288893 0.000000 0.036501
0.430735 1.000000 0.042424
0.574543 0.000000 0.041093
0.560483 0.000000 0.040087
0.456055 -1.000000 0.041000
0.471373 0.000000 0.042377
0.492465 0.000000 0.041718
0.481727 0.000000 0.044398
0.446724 0.000000 0.041172
0.391289 0.000000 0.040570
0.493505 0.000000 0.043089
0.453924 0.000000 0.039633
0.626301 0.000000 0.042842
0.436039 0.000000 0.043055
0.411003 0.000000 0.040583
0.761743 0.000000 0.075337
0.555597 0.000000 0.042240
0.572019 0.000000 0.040989
0.564905 0.000000 0.040479
0.584775 0.000000 0.039606
0.600545 0.000000 0.040674
0.692735 0.000000 0.040942
0.672471 0.000000 0.041014
0.664743 0.000000 0.040543
0.600641 0.000000 0.041730
0.580113 0.000000 0.040304
1.221320 0.000000 0.041923
1.261885 0.000000 0.041083
1.278018 0.000000 0.041608
1.149871 0.000000 0.041404
1.491935 1.000000 0.042282
1.787091 -1.000000 0.041755
1.670110 0.000000 0.039022
1.923510 0.000000 0.042891
3.814234 0.000000 0.074459
2.164149 0.000000 0.040825
2.162708 0.000000 0.040798
2.402888 0.000000 0.042473
2.499514 1.000000 0.042044
2.449281 0.000000 0.041199
2.420749 0.000000 0.040719
2.875501 0.000000 0.041597
2.910808 0.000000 0.040208
2.886178 0.000000 0.039868
3.760424 0.000000 0.041555
3.639064 0.000000 0.040214
4.513072 0.000000 0.040991
4.249971 0.000000 0.038601
4.339186 0.000000 0.042157
4.192382 0.000000 0.041099
2.815877 0.000000 0.039605
2.829031 0.000000 0.039790
1.946612 1.000000 0.041073
8.020244 0.000000 0.074460
7.634892 1.000000 0.041743
7.488721 0.000000 0.040944
11.982956 1.000000 0.041769
11.633505 0.000000 0.040551
16.932175 1.000000 0.042968
23.137988 1.000000 0.049528
20.169554 0.000000 0.043174
24.641569 2.000000 0.048097
24.116013 1.000000 0.046526
22.072730 1.000000 0.044000
21.667755 0.000000 0.043193
33.654378 1.000000 0.090850
22.714735 1.000000 0.050740
25.332246 0.000000 0.056587
24.924839 -1.000000 0.052688
24.521750 0.000000 0.056332
21.029170 0.000000 0.048309
12.079483 -1.000000 0.042510
19.117937 -1.000000 0.048087
17.710433 0.000000 0.044547
23.164523 -1.000000 0.043702
12.896695 -1.000000 0.027646
12.179099 0.000000 0.026108
12.430680 0.000000 0.026647
19.732818 -1.000000 0.038391
38.714028 -1.000000 0.074101
20.507133 -1.000000 0.041395
19.945388 0.000000 0.040261
20.125805 0.000000 0.041387
14.390633 -1.000000 0.044234
12.991756 0.000000 0.039934
10.241457 0.000000 0.043074
7.849934 0.000000 0.040986
7.649562 0.000000 0.039940
7.034339 1.000000 0.040797
6.846060 0.000000 0.039705
6.930703 0.000000 0.040196
7.407023 1.000000 0.042411
12.159606 1.000000 0.040869
12.268777 0.000000 0.041236
11.915942 0.000000 0.040050
46.458822 2.000000 0.076378
27.458573 1.000000 0.039932
27.298235 0.000000 0.039699
24.710404 1.000000 0.041261
23.511879 0.000000 0.039260
24.724293 0.000000 0.041648
24.575036 1.000000 0.043937
23.010408 0.000000 0.041140
21.162821 0.000000 0.042331
14.425622 0.000000 0.042483
13.581394 0.000000 0.039997
6.001456 0.000000 0.041405
10.173720 -1.000000 0.040835
10.170037 0.000000 0.040820
16.224150 0.000000 0.041144
32.924501 -1.000000 0.075777
17.559071 0.000000 0.040413
24.397502 -1.000000 0.042892
28.178567 -1.000000 0.041434
26.088325 0.000000 0.042204
24.552769 0.000000 0.043173
23.839566 0.000000 0.041919
23.134362 0.000000 0.040679
23.683713 -1.000000 0.041404
21.961693 0.000000 0.041632
21.697449 0.000000 0.041131
21.077499 0.000000 0.040581
14.716986 1.000000 0.041296
14.198856 0.000000 0.039842
17.088398 0.000000 0.042981
39.991854 2.000000 0.077696
20.386604 0.000000 0.039607
20.516195 0.000000 0.039859
26.700604 0.000000 0.041334
25.385965 0.000000 0.039299
27.536088 2.000000 0.041125
26.600612 0.000000 0.043192
24.853423 0.000000 0.040355
23.828790 0.000000 0.042226
21.702997 0.000000 0.041590
21.085155 0.000000 0.040406
18.372974 1.000000 0.042312
9.527505 0.000000 0.040929
9.419948 0.000000 0.040467
5.612432 0.000000 0.042424
5.584981 -1.000000 0.040880
5.435929 0.000000 0.039789
37.526429 -1.000000 0.077746
19.497250 0.000000 0.040394
24.666145 0.000000 0.040909
26.029762 -1.000000 0.040904
26.086353 0.000000 0.040993
25.756058 0.000000 0.040474
25.742834 0.000000 0.042036
25.039225 0.000000 0.040887
22.602106 -1.000000 0.044032
19.708029 0.000000 0.042779
18.947949 0.000000 0.041129
18.773746 0.000000 0.040751
15.921580 0.000000 0.034560
8.671111 -1.000000 0.028064
6.480536 0.000000 0.027718
6.488675 0.000000 0.027753
25.519907 1.000000 0.076644
13.382533 0.000000 0.040192
20.038018 1.000000 0.040606
20.630167 0.000000 0.041806
23.437947 1.000000 0.040797
23.922399 0.000000 0.041555
23.870106 0.000000 0.041464
26.741612 1.000000 0.042793
22.610396 0.000000 0.041360
22.245322 0.000000 0.040692
20.626458 1.000000 0.040246
20.493146 0.000000 0.039986
17.125898 0.000000 0.042458
9.713028 0.000000 0.041367
12.378688 0.000000 0.042801
11.320514 0.000000 0.039142
38.863874 0.000000 0.077215
15.748361 -1.000000 0.042612
15.555127 0.000000 0.042089
14.980695 -2.000000 0.042048
14.138322 0.000000 0.039684
19.795408 0.000000 0.041827
27.393538 0.000000 0.041848
26.629433 0.000000 0.040681
23.626844 -2.000000 0.042291
22.359070 0.000000 0.040022
24.032982 0.000000 0.042884
23.044502 0.000000 0.041120
19.071051 0.000000 0.041469
18.535653 0.000000 0.040305
10.284124 0.000000 0.041916
11.503173 0.000000 0.076306
3.729880 1.000000 0.041251
3.693060 0.000000 0.040844
6.560620 0.000000 0.040702
17.124722 1.000000 0.040477
18.231853 0.000000 0.043094
22.508524 1.000000 0.041897
25.775948 0.000000 0.041034
27.836132 1.000000 0.043627
25.681470 0.000000 0.040250
25.473366 0.000000 0.039924
25.170519 0.000000 0.042913
25.934676 1.000000 0.043024
25.334224 0.000000 0.042028
26.641281 0.000000 0.043349
23.398094 0.000000 0.042404
12.347552 0.000000 0.076182
12.459227 -1.000000 0.041563
12.014040 0.000000 0.040078
14.419607 0.000000 0.042423
13.434259 0.000000 0.039524
23.518226 -1.000000 0.042968
25.022372 0.000000 0.041317
28.914106 -1.000000 0.043619
27.309338 0.000000 0.041198
29.009604 -1.000000 0.041252
24.685550 0.000000 0.041479
24.068326 0.000000 0.040442
12.942467 0.000000 0.040942
12.743344 0.000000 0.040312
13.083180 0.000000 0.041387
7.677872 0.000000 0.043638
7.029852 0.000000 0.039955
28.793089 2.000000 0.077394
14.770058 0.000000 0.039701
20.283857 1.000000 0.042560
19.041782 0.000000 0.039954
22.475828 1.000000 0.042054
22.580161 0.000000 0.043724
20.901499 1.000000 0.042820
20.220571 0.000000 0.041425
19.596847 0.000000 0.041359
11.060873 0.000000 0.041812
10.788849 0.000000 0.040784
5.180271 -1.000000 0.042696
5.018423 0.000000 0.041362
12.608318 0.000000 0.043038
17.809312 0.000000 0.041415
17.666597 0.000000 0.041083
19.192228 -1.000000 0.042576
34.514523 0.000000 0.076525
15.545832 1.000000 0.041413
15.317699 0.000000 0.040805
10.757404 0.000000 0.043372
10.178302 0.000000 0.041037
7.214745 1.000000 0.040739
4.882299 1.000000 0.041637
4.840923 0.000000 0.041284
3.942088 1.000000 0.041769
2.845361 2.000000 0.042449
2.784361 0.000000 0.041539
1.935316 2.000000 0.042693
1.861975 0.000000 0.041075
3.304116 2.000000 0.040828
12.997985 3.000000 0.076062
13.337914 3.000000 0.041638
13.136062 0.000000 0.041008
13.360995 3.000000 0.041662
10.114603 4.000000 0.040640
9.930596 0.000000 0.039901
12.769295 3.000000 0.041030
12.471085 0.000000 0.040072
6.202273 3.000000 0.044026
2.450722 2.000000 0.039602
2.392988 0.000000 0.038669
3.660609 4.000000 0.043129
3.304982 0.000000 0.038939
3.495449 1.000000 0.041168
3.309594 0.000000 0.038979
3.631507 1.000000 0.040290
3.438809 0.000000 0.038152
3.873125 1.000000 0.039434
3.101423 2.000000 0.043013
3.116637 0.000000 0.043224
1.875176 3.000000 0.044255
2.021281 2.000000 0.082194
3.304184 2.000000 0.052911
2.915201 0.000000 0.046682
5.537500 3.000000 0.045918
15.407574 4.000000 0.058930
12.755591 3.000000 0.046858
10.720234 4.000000 0.050394
8.262753 3.000000 0.053425
8.005557 0.000000 0.051762
1.532081 4.000000 0.056255
1.386243 0.000000 0.050900
2.223870 1.000000 0.043347
2.237863 0.000000 0.043620
3.949195 2.000000 0.085560
1.184451 1.000000 0.052355
4.197418 2.000000 0.055976
3.014747 0.000000 0.040204
3.583507 2.000000 0.046845
3.031122 0.000000 0.039624
4.428903 1.000000 0.048139
1.232409 3.000000 0.047345
3.156014 2.000000 0.045580
3.129023 0.000000 0.045190
12.476215 3.000000 0.048969
11.062708 0.000000 0.043421
11.845576 2.000000 0.046447
10.817918 3.000000 0.042850
11.414063 1.000000 0.042517
10.669613 0.000000 0.039744
5.081035 2.000000 0.041423
1.285541 0.000000 0.076935
1.455447 1.000000 0.041293
1.451716 0.000000 0.041187
2.243623 -1.000000 0.040886
2.179423 0.000000 0.039716
1.840428 0.000000 0.042407
1.752498 0.000000 0.040381
1.779752 0.000000 0.041009
4.781918 -1.000000 0.042004
4.784741 0.000000 0.042029
4.774752 0.000000 0.041941
6.045979 -1.000000 0.042766
5.709524 0.000000 0.040386
5.738949 0.000000 0.040594
5.553599 0.000000 0.039283
4.045969 0.000000 0.043589
3.781357 0.000000 0.040738
9.078058 0.000000 0.075515
5.886878 0.000000 0.041011
7.604089 0.000000 0.040603
7.580826 0.000000 0.040479
19.238458 0.000000 0.042252
18.406034 0.000000 0.040424
21.183851 1.000000 0.041493
21.433158 0.000000 0.041520
21.018028 0.000000 0.040716
22.670399 1.000000 0.042031
21.647954 1.000000 0.041773
21.083555 0.000000 0.040684
17.327370 0.000000 0.044258
15.875325 0.000000 0.040549
10.958127 0.000000 0.042066
10.476172 0.000000 0.040216
10.000648 0.000000 0.078653
6.231873 -1.000000 0.042364
5.882767 0.000000 0.039991
15.555701 0.000000 0.042151
23.311996 -1.000000 0.041731
22.884069 0.000000 0.040965
30.608856 0.000000 0.044110
31.797934 -1.000000 0.042130
31.100635 0.000000 0.041206
31.763297 -1.000000 0.041951
30.633650 0.000000 0.042347
28.708009 0.000000 0.039685
27.564525 0.000000 0.041948
46.961824 1.000000 0.076514
18.378979 0.000000 0.042897
16.977084 0.000000 0.039625
16.393400 0.000000 0.043272
21.952223 1.000000 0.040910
22.244682 0.000000 0.041455
25.873012 1.000000 0.042134
25.367624 0.000000 0.041311
29.220882 0.000000 0.041297
27.984817 0.000000 0.039550
27.791818 0.000000 0.041491
30.281360 1.000000 0.044846
27.667573 0.000000 0.040975
26.568878 0.000000 0.042395
14.528237 0.000000 0.043410
5.013631 -1.000000 0.042282
4.966419 0.000000 0.041884
15.700932 0.000000 0.041803
40.830238 -1.000000 0.077286
29.460460 0.000000 0.041226
32.214250 -1.000000 0.043930
29.827938 0.000000 0.040676
30.247213 -1.000000 0.041443
31.970782 0.000000 0.044732
29.835977 0.000000 0.041745
32.776296 0.000000 0.047996
30.650420 0.000000 0.044883
29.588336 0.000000 0.047741
16.147860 1.000000 0.047018
8.251605 0.000000 0.046302
8.038267 0.000000 0.045105
13.031243 1.000000 0.048656
20.397372 1.000000 0.049147
18.280027 0.000000 0.044045
60.260875 1.000000 0.083652
40.820598 1.000000 0.061032
36.073846 0.000000 0.053935
31.517043 0.000000 0.046558
36.009973 1.000000 0.056765
19.256117 0.000000 0.046674
16.232031 0.000000 0.039344
8.895785 -1.000000 0.041152
15.345221 -1.000000 0.042332
15.062521 0.000000 0.041552
13.124369 -1.000000 0.040705
13.411335 0.000000 0.041595
30.143302 -1.000000 0.043598
56.504381 0.000000 0.078864
28.952901 0.000000 0.040410
27.223829 -1.000000 0.041437
27.134545 0.000000 0.041301
24.585353 0.000000 0.042643
12.456359 0.000000 0.044109
11.427901 0.000000 0.040467
18.847867 0.000000 0.043947
17.661229 0.000000 0.041180
14.245825 0.000000 0.041374
14.229324 0.000000 0.041326
14.146329 0.000000 0.041085
14.413721 1.000000 0.042668
19.587266 0.000000 0.043630
18.191845 0.000000 0.040522
25.681117 1.000000 0.043371
43.407751 0.000000 0.075608
26.568536 0.000000 0.045836
15.353975 0.000000 0.050119
13.586275 0.000000 0.044349
4.256635 0.000000 0.047737
33.870760 0.000000 0.047357
19.315167 -1.000000 0.043055
14.302768 -1.000000 0.045412
8.486808 -1.000000 0.045308
8.220460 0.000000 0.043886
8.346176 0.000000 0.044557
14.490179 0.000000 0.045662
16.271682 -1.000000 0.057680
16.206227 0.000000 0.051530
23.540424 0.000000 0.088849
7.869081 1.000000 0.046332
29.198224 0.000000 0.053785
23.538254 0.000000 0.043359
16.032730 1.000000 0.041886
13.014994 0.000000 0.043726
12.256169 0.000000 0.041177
20.594152 2.000000 0.041073
23.981731 1.000000 0.042142
24.157704 0.000000 0.042451
25.713427 0.000000 0.042540
25.414682 0.000000 0.042046
22.852309 1.000000 0.042626
38.410760 0.000000 0.076340
17.170132 0.000000 0.042639
16.234248 0.000000 0.040315
11.641627 0.000000 0.042347
4.201972 -1.000000 0.041813
4.055723 0.000000 0.040358
4.130856 0.000000 0.047309
10.380647 -1.000000 0.040296
17.247491 -1.000000 0.046264
20.915787 0.000000 0.041370
20.450745 0.000000 0.040450
21.071042 0.000000 0.041677
27.734417 -1.000000 0.041907
26.343514 0.000000 0.039805
27.506724 0.000000 0.042126
48.612190 -1.000000 0.075849
26.644589 0.000000 0.042221
25.170454 0.000000 0.042229
22.679382 0.000000 0.041153
10.341043 1.000000 0.042558
9.819359 0.000000 0.040411
9.923116 0.000000 0.040838
19.059875 0.000000 0.041026
19.943441 0.000000 0.042928
26.748917 1.000000 0.043147
30.870963 0.000000 0.043041
30.007389 0.000000 0.041837
47.258921 2.000000 0.077647
24.555409 0.000000 0.040345
27.009980 0.000000 0.043702
19.876390 0.000000 0.032264
16.610097 0.000000 0.026962
16.777686 0.000000 0.027234
17.026375 -1.000000 0.030094
18.413731 0.000000 0.032546
7.857521 0.000000 0.033712
10.366464 -1.000000 0.033135
10.236826 0.000000 0.032721
18.151974 0.000000 0.034616
16.602949 0.000000 0.031662
32.524097 -1.000000 0.048045
33.481009 -1.000000 0.041595
32.073924 0.000000 0.039847
32.374543 0.000000 0.040927
31.716155 0.000000 0.040095
39.634777 -1.000000 0.052283
30.638597 0.000000 0.040416
30.606064 0.000000 0.040373
30.173074 0.000000 0.040429
49.140788 1.000000 0.075222
20.992310 0.000000 0.039813
21.254292 0.000000 0.040310
25.555405 1.000000 0.042467
23.947360 0.000000 0.039795
27.020644 2.000000 0.040130
31.312389 1.000000 0.041811
30.670155 0.000000 0.041475
29.598028 0.000000 0.040025
29.882496 1.000000 0.042115
28.381638 0.000000 0.040000
28.955548 0.000000 0.039865
29.326657 0.000000 0.040376
26.442200 0.000000 0.040919
10.692105 -1.000000 0.076708
5.424415 0.000000 0.038916
16.095338 -1.000000 0.040640
15.912059 0.000000 0.040177
26.290786 0.000000 0.041370
33.190237 -1.000000 0.044219
30.015951 0.000000 0.039990
33.557238 -1.000000 0.041991
32.518128 -1.000000 0.041174
31.709209 0.000000 0.040150
32.665948 0.000000 0.041754
32.012737 0.000000 0.040919
28.092731 0.000000 0.041994
26.257896 0.000000 0.039251
22.348721 2.000000 0.077944
11.950773 0.000000 0.041680
17.246409 1.000000 0.043218
22.073926 1.000000 0.042035
28.421302 2.000000 0.042923
27.760624 0.000000 0.041925
27.988270 0.000000 0.042269
30.199853 0.000000 0.041537
32.577292 1.000000 0.044756
31.281238 0.000000 0.042166
31.640998 0.000000 0.042651
31.727324 0.000000 0.043280
29.037836 0.000000 0.039611
28.300293 0.000000 0.041860
17.916642 -1.000000 0.076546
13.776564 0.000000 0.040817
22.883326 -1.000000 0.041959
31.434328 -1.000000 0.042425
30.688853 0.000000 0.041419
30.858439 0.000000 0.041648
34.048131 -1.000000 0.042354
33.432127 0.000000 0.041588
32.650272 -1.000000 0.041440
32.691067 0.000000 0.043285
29.965189 -1.000000 0.042404
28.700234 0.000000 0.040614
27.539206 0.000000 0.042455
24.943216 0.000000 0.041563
24.881262 0.000000 0.041460
21.982415 1.000000 0.042804
25.256132 1.000000 0.042526
44.369804 1.000000 0.076819
28.692654 0.000000 0.041875
30.899511 1.000000 0.042470
29.329488 0.000000 0.040312
30.812953 0.000000 0.042351
31.425520 1.000000 0.043635
25.790049 0.000000 0.043900
24.594040 0.000000 0.041864
16.791907 -1.000000 0.041406
16.274040 0.000000 0.040129
16.977744 0.000000 0.041864
6.242185 0.000000 0.043214
17.075556 -2.000000 0.042980
15.948085 0.000000 0.040142
22.985557 -1.000000 0.041218
22.974921 0.000000 0.041199
29.269680 -1.000000 0.040726
59.978859 -1.000000 0.076458
32.846604 -1.000000 0.042631
33.926825 0.000000 0.045570
30.327956 0.000000 0.040736
26.610510 1.000000 0.042302
24.060075 0.000000 0.042780
22.980246 0.000000 0.040860
14.420864 1.000000 0.042884
13.930518 0.000000 0.041426
13.855876 0.000000 0.041204
19.362309 1.000000 0.042999
26.062363 3.000000 0.049637
26.811944 1.000000 0.045996
26.057149 0.000000 0.044701
49.832553 1.000000 0.082950
25.337332 0.000000 0.041115
25.000870 0.000000 0.040569
22.667152 1.000000 0.041082
17.511353 0.000000 0.042241
16.326877 0.000000 0.039384
7.904458 -1.000000 0.042022
7.518682 0.000000 0.039971
26.334663 -2.000000 0.052014
24.920165 0.000000 0.049220
39.972490 -2.000000 0.059029
35.406535 0.000000 0.052286
27.409777 0.000000 0.040477
27.690525 0.000000 0.041334
27.485602 0.000000 0.041028
56.223161 -1.000000 0.084875
26.720259 0.000000 0.040337
24.078405 0.000000 0.042501
13.480522 0.000000 0.042743
13.280486 1.000000 0.042947
12.441262 0.000000 0.040233
23.453981 1.000000 0.043166
26.490954 1.000000 0.041616
26.349658 0.000000 0.041394
28.628117 1.000000 0.042198
28.121357 0.000000 0.041451
27.433244 0.000000 0.041216
27.739992 0.000000 0.041677
26.181021 1.000000 0.043948
24.354623 0.000000 0.040882
48.440937 0.000000 0.083861
8.688169 -1.000000 0.027656
8.847106 0.000000 0.028162
5.874114 0.000000 0.033449
8.077928 0.000000 0.045998
20.389035 0.000000 0.042433
26.885775 -1.000000 0.043589
24.880647 0.000000 0.040338
29.494843 -1.000000 0.041326
37.145138 -1.000000 0.049416
36.000134 0.000000 0.047893
41.621490 0.000000 0.056703
38.382819 0.000000 0.055541
36.138217 0.000000 0.053500
34.040817 0.000000 0.057357
23.016217 0.000000 0.060571
21.238216 1.000000 0.052738
47.858697 1.000000 0.085555
23.580457 2.000000 0.042233
22.761375 0.000000 0.040766
25.108342 0.000000 0.041260
25.286073 0.000000 0.041552
25.085146 1.000000 0.040829
24.946009 0.000000 0.041432
24.223516 0.000000 0.040232
21.841059 0.000000 0.041097
14.975632 -1.000000 0.042428
13.955186 0.000000 0.039537
5.301943 0.000000 0.041582
5.025212 -1.000000 0.041377
4.985369 0.000000 0.041049
47.773820 -2.000000 0.083168
23.014926 0.000000 0.040066
27.715011 -1.000000 0.039335
27.803708 0.000000 0.039461
33.377494 -2.000000 0.042916
30.482835 0.000000 0.040832
29.727981 0.000000 0.039821
30.735169 0.000000 0.041067
26.297181 0.000000 0.041374
24.556310 0.000000 0.038635
18.856814 0.000000 0.039839
13.974808 1.000000 0.039788
13.897181 0.000000 0.039567
13.490120 0.000000 0.038408
20.195750 0.000000 0.041042
21.758694 1.000000 0.041143
43.814304 0.000000 0.075330
25.667846 1.000000 0.040399
24.344963 0.000000 0.038317
25.038082 1.000000 0.039526
24.535157 0.000000 0.038732
26.324156 1.000000 0.040795
25.213273 0.000000 0.042147
23.495752 0.000000 0.039276
15.138968 0.000000 0.039921
10.285074 0.000000 0.049001
10.526080 0.000000 0.050149
23.792099 0.000000 0.052272
22.981956 -1.000000 0.042742
20.716104 0.000000 0.038528
27.627889 -1.000000 0.040309
31.200727 -1.000000 0.040793
53.400230 0.000000 0.074074
25.396441 -1.000000 0.040599
24.847898 0.000000 0.039722
24.401964 0.000000 0.039009
23.545128 0.000000 0.039926
11.814268 0.000000 0.041119
11.551150 0.000000 0.040203
15.287215 1.000000 0.041681
14.504154 0.000000 0.039546
14.441020 0.000000 0.039374
23.144395 1.000000 0.042832
26.849507 0.000000 0.041805
26.094440 0.000000 0.040629
51.552809 2.000000 0.075994
26.441149 0.000000 0.038977
24.983506 0.000000 0.041060
19.541402 0.000000 0.040693
19.199986 0.000000 0.039982
8.603654 0.000000 0.041031
1.620603 0.000000 0.040779
1.537934 0.000000 0.038699
1.555349 0.000000 0.039137
17.700128 0.000000 0.041156
17.177286 0.000000 0.039940
20.349846 -1.000000 0.040710
19.717482 0.000000 0.039445
26.006932 -1.000000 0.040590
24.965720 0.000000 0.038965
30.929433 -1.000000 0.040038
58.073467 -1.000000 0.076641
27.869936 0.000000 0.038549
27.923888 0.000000 0.038624
29.698229 -1.000000 0.040330
27.925538 0.000000 0.037923
25.363906 -1.000000 0.038712
17.924522 1.000000 0.041859
16.985156 0.000000 0.039665
14.253576 1.000000 0.039560
14.062355 0.000000 0.039029
19.847365 1.000000 0.039686
23.599470 1.000000 0.039830
23.703158 0.000000 0.040005
27.846020 1.000000 0.040122
28.923709 1.000000 0.039725
28.075365 0.000000 0.038560
28.515941 0.000000 0.039165
27.999529 0.000000 0.041406
26.447753 0.000000 0.039111
26.225103 0.000000 0.038782
23.995749 -1.000000 0.039823
38.353219 0.000000 0.075119
21.731383 0.000000 0.039720
25.963160 -1.000000 0.040344
24.648393 0.000000 0.038301
24.664504 0.000000 0.038326
25.560360 -1.000000 0.039464
29.340676 -1.000000 0.040450
27.935719 0.000000 0.038513
27.151299 0.000000 0.040454
23.985341 -1.000000 0.039738
23.655795 0.000000 0.039192
23.527675 0.000000 0.040135
36.474842 0.000000 0.073916
8.595899 1.000000 0.038657
12.410943 0.000000 0.039078
12.228002 0.000000 0.038502
12.026359 0.000000 0.037867
20.119482 1.000000 0.040531
21.501601 1.000000 0.041169
20.352151 0.000000 0.038968
24.137509 0.000000 0.041431
24.067973 1.000000 0.040338
22.848428 0.000000 0.038294
21.655236 0.000000 0.039156
24.684784 1.000000 0.046623
23.041875 0.000000 0.043520
18.696733 0.000000 0.045776
20.125634 0.000000 0.088636
2.837263 0.000000 0.047168
13.260256 -1.000000 0.056066
16.227996 -1.000000 0.043630
16.177449 0.000000 0.043494
22.788187 0.000000 0.046425
20.766260 0.000000 0.042306
30.254457 -1.000000 0.043927
35.698275 -1.000000 0.050028
30.444241 0.000000 0.042665
26.753512 0.000000 0.044679
26.209296 0.000000 0.043770
24.980528 0.000000 0.041718
18.411789 0.000000 0.049293
15.954004 0.000000 0.042713
8.178082 1.000000 0.044536
7.796843 0.000000 0.042460
34.202094 3.000000 0.076397
16.799940 0.000000 0.037526
23.744269 1.000000 0.046168
16.925070 0.000000 0.032909
17.021674 1.000000 0.031600
15.823196 0.000000 0.029375
15.426743 0.000000 0.028639
19.267022 1.000000 0.039544
14.305147 0.000000 0.029360
14.733912 0.000000 0.030240
26.985785 0.000000 0.053050
11.962680 -1.000000 0.053068
26.993272 0.000000 0.048964
14.391422 -1.000000 0.041241
13.055671 0.000000 0.037413
13.238125 0.000000 0.037936
38.759517 -1.000000 0.074236
19.977643 0.000000 0.038263
22.730160 0.000000 0.038996
22.141481 0.000000 0.037986
22.172103 1.000000 0.038877
21.721487 0.000000 0.038087
16.085000 1.000000 0.039110
8.256624 1.000000 0.039333
7.862999 0.000000 0.037458
7.909593 0.000000 0.037680
10.666306 2.000000 0.038473
21.160505 3.000000 0.038235
27.600937 4.000000 0.038955
27.639284 0.000000 0.039009
16.592835 3.000000 0.039662
20.298996 5.000000 0.073412
9.572894 6.000000 0.039036
9.083982 0.000000 0.037042
10.713507 5.000000 0.039028
9.560092 4.000000 0.039819
9.227804 0.000000 0.038435
8.941138 0.000000 0.037241
5.044464 5.000000 0.040003
4.112421 3.000000 0.038934
4.006375 0.000000 0.037930
6.950157 3.000000 0.040259
6.390856 2.000000 0.039293
6.131937 0.000000 0.037701
4.280636 1.000000 0.038481
4.372853 0.000000 0.039310
2.572309 2.000000 0.040932
2.477106 0.000000 0.039417
2.470574 0.000000 0.039313
13.070522 8.000000 0.076964
6.524045 0.000000 0.038416
6.516595 0.000000 0.038372
5.138059 7.000000 0.041705
4.934269 0.000000 0.040051
8.068594 4.000000 0.040932
7.795209 0.000000 0.039545
10.485070 4.000000 0.042161
9.652958 0.000000 0.038815
5.400987 7.000000 0.043021
4.986192 0.000000 0.039717
5.003403 0.000000 0.039854
7.035535 3.000000 0.040445
7.410354 2.000000 0.039981
7.345439 0.000000 0.039631
9.628136 1.000000 0.075519
4.887293 0.000000 0.038334
4.969668 0.000000 0.038980
6.655502 1.000000 0.042005
6.273811 0.000000 0.039596
5.313295 1.000000 0.042355
4.949993 0.000000 0.039459
3.902467 0.000000 0.043230
3.657862 0.000000 0.040520
3.670840 0.000000 0.040664
6.006265 0.000000 0.041375
5.643374 0.000000 0.038875
5.704739 0.000000 0.039298
15.671434 0.000000 0.040906
17.559502 -1.000000 0.041495
16.715740 0.000000 0.039501
35.597423 -1.000000 0.076222
17.996630 0.000000 0.038535
17.611695 -1.000000 0.040990
16.875940 0.000000 0.041906
15.723487 0.000000 0.039044
11.135919 0.000000 0.040467
11.280653 0.000000 0.040993
4.311727 0.000000 0.040982
3.066980 0.000000 0.029151
15.425940 0.000000 0.028801
17.885406 0.000000 0.033393
19.959387 0.000000 0.043244
18.054002 0.000000 0.039116
17.980714 0.000000 0.038957
18.080303 0.000000 0.039173
18.720767 1.000000 0.040455
23.112547 0.000000 0.040612
28.925930 1.000000 0.042687
26.581379 0.000000 0.039227
25.979511 1.000000 0.041672
26.054582 0.000000 0.041957
23.054364 1.000000 0.041044
22.602523 0.000000 0.040240
22.500477 0.000000 0.040058
20.848055 0.000000 0.078954
10.474423 0.000000 0.039668
5.979816 0.000000 0.041084
12.545426 -1.000000 0.040806
21.635797 0.000000 0.040554
21.295925 0.000000 0.039917
28.561458 0.000000 0.041873
27.965276 0.000000 0.040999
31.742666 -2.000000 0.041531
29.917665 0.000000 0.041003
28.022706 0.000000 0.038406
28.308236 -1.000000 0.039758
28.180239 0.000000 0.039578
46.738991 0.000000 0.075764
17.845849 0.000000 0.041226
10.362999 1.000000 0.039244
10.713611 0.000000 0.040572
15.598588 0.000000 0.040556
20.643513 1.000000 0.039555
21.234177 0.000000 0.040687
22.569044 1.000000 0.040934
21.680821 0.000000 0.039323
26.770869 1.000000 0.041437
25.551956 2.000000 0.039918
24.651378 0.000000 0.038511
26.634411 0.000000 0.040637
24.261642 0.000000 0.039786
22.929741 0.000000 0.037602
42.116110 0.000000 0.078827
11.480420 0.000000 0.039249
11.320441 0.000000 0.038702
4.153044 0.000000 0.040739
4.025103 0.000000 0.039484
21.381323 0.000000 0.042023
28.018186 0.000000 0.055067
27.813018 0.000000 0.043321
35.355895 -1.000000 0.046265
36.947257 0.000000 0.046763
36.093170 0.000000 0.045682
31.491262 0.000000 0.044142
31.438534 0.000000 0.044068
33.074942 -1.000000 0.045122
29.920076 0.000000 0.042886
28.870161 0.000000 0.041381
26.637763 1.000000 0.047331
11.265817 0.000000 0.049114
40.765960 1.000000 0.087861
701.255521 -3.000000 0.906199
34.479983 -1.000000 0.050660
26.856769 0.000000 0.056656
25.595936 0.000000 0.053996
28.237191 1.000000 0.085243
23.206540 0.000000 0.050289
28.837925 1.000000 0.054637
32.107502 1.000000 0.045075
27.830555 0.000000 0.039071
28.326453 0.000000 0.039767
32.476394 1.000000 0.047153
33.353757 0.000000 0.046338
31.085197 1.000000 0.045996
29.754593 0.000000 0.044027
30.058470 1.000000 0.048067
24.128262 0.000000 0.045325
22.456734 0.000000 0.042185
37.484253 0.000000 0.080257
35.152542 0.000000 0.052834
28.171748 0.000000 0.042342
33.469558 -1.000000 0.045207
28.050163 0.000000 0.037887
30.976398 -1.000000 0.042034
32.755077 0.000000 0.045497
28.841523 0.000000 0.040061
30.223775 -1.000000 0.043633
23.660687 0.000000 0.043941
22.954212 0.000000 0.042629
14.470442 0.000000 0.047458
8.996549 0.000000 0.043408
8.618930 0.000000 0.041586
14.933732 0.000000 0.043713
20.369496 1.000000 0.042751
43.697779 1.000000 0.086311
21.867358 0.000000 0.043192
29.787841 1.000000 0.048491
26.967614 0.000000 0.043900
27.083171 0.000000 0.044088
29.028595 0.000000 0.047255
23.395521 2.000000 0.055266
12.136548 0.000000 0.052064
12.333793 0.000000 0.052910
7.913237 0.000000 0.063696
9.768422 -1.000000 0.054209
18.067165 -1.000000 0.052073
9.810998 0.000000 0.028277
31.160125 -1.000000 0.058053
19.746571 0.000000 0.036789
31.688004 -1.000000 0.045942
31.428790 -2.000000 0.044311
27.912408 0.000000 0.039353
31.846302 -1.000000 0.049485
37.664729 0.000000 0.058526
28.271698 0.000000 0.050154
24.029593 0.000000 0.050205
21.012757 0.000000 0.043902
11.787433 0.000000 0.048029
15.544158 1.000000 0.045637
14.581291 0.000000 0.042810
20.241683 2.000000 0.045178
41.915331 1.000000 0.079239
28.489419 1.000000 0.042712
26.351603 0.000000 0.039507
25.419575 1.000000 0.041857
21.971962 1.000000 0.042401
20.485198 0.000000 0.039532
14.086488 1.000000 0.040210
6.834962 0.000000 0.041941
6.597642 0.000000 0.040485
7.671649 0.000000 0.042278
12.837338 0.000000 0.041597
32.866405 -1.000000 0.077875
16.489450 0.000000 0.039071
19.115016 0.000000 0.040833
