0.000000 0.000000 0.000000
0.000000 0.000000 0.030402
0.000000 0.000000 0.025052
6.897496 0.000000 0.026873
6.342277 0.000000 0.024710
6.962182 0.000000 0.031325
8.103963 0.000000 0.036462
1.782953 0.000000 0.031717
2.033433 0.000000 0.036173
0.464817 0.000000 0.032692
0.476360 0.000000 0.033504
0.119599 0.000000 0.033258
0.119235 0.000000 0.033157
0.036235 1.000000 0.039839
0.009912 0.000000 0.043086
0.007446 0.000000 0.032366
0.001774 0.000000 0.030489
0.001987 0.000000 0.034150
0.000469 0.000000 0.031849
0.000231 0.000000 0.061937
0.000132 0.000000 0.035389
0.000027 0.000000 0.028388
0.000031 0.000000 0.032445
0.000009 0.000000 0.038759
0.000008 0.000000 0.033882
0.000002 0.000000 0.033124
0.000002 0.000000 0.036666
0.000001 0.000000 0.033272
0.000001 0.000000 0.033936
0.000000 0.000000 0.041708
0.000000 0.000000 0.035145
0.000000 0.000000 0.038781
0.000000 0.000000 0.042530
0.000000 0.000000 0.038003
0.000000 0.000000 0.033726
0.000000 0.000000 0.036745
0.000000 0.000000 0.045973
0.000000 0.000000 0.040857
0.000000 0.000000 0.077037
0.000000 0.000000 0.031381
0.000000 0.000000 0.034384
0.000000 0.000000 0.037272
0.000000 0.000000 0.037407
0.924543 0.000000 0.042405
0.740326 0.000000 0.033956
1.616222 0.000000 0.040280
1.557513 0.000000 0.038817
0.393710 0.000000 0.038795
0.116130 0.000000 0.045243
0.101024 0.000000 0.039358
0.023712 0.000000 0.036525
0.376688 0.000000 0.042893
0.299896 0.000000 0.034149
1.043060 0.000000 0.036051
5.927836 0.000000 0.061131
2.813087 0.000000 0.029010
3.301806 0.000000 0.034050
0.960684 0.000000 0.039170
0.260026 0.000000 0.041918
0.214993 0.000000 0.034658
0.062604 0.000000 0.039902
0.059074 0.000000 0.037652
0.011930 0.000000 0.030063
0.003675 0.000000 0.036618
0.004890 0.000000 0.048718
0.000949 0.000000 0.037377
0.000941 0.000000 0.037077
0.000209 0.000000 0.032478
0.000197 0.000000 0.030693
0.000102 0.000000 0.062668
0.000014 0.000000 0.033362
0.000015 0.000000 0.036865
0.000003 0.000000 0.032447
0.000001 0.000000 0.038851
0.000001 0.000000 0.029342
0.000000 0.000000 0.041856
0.000000 0.000000 0.036467
2.371733 0.000000 0.040008
1.995659 0.000000 0.033664
0.653587 0.000000 0.043590
0.136680 0.000000 0.036041
0.186826 0.000000 0.049264
0.038349 0.000000 0.039981
0.031915 0.000000 0.033274
0.010411 0.000000 0.042913
0.003959 0.000000 0.064520
0.000753 0.000000 0.048524
0.000571 0.000000 0.036764
0.000136 0.000000 0.034774
1.318912 0.000000 0.042127
1.159031 0.000000 0.037020
0.286641 0.000000 0.034410
0.307183 0.000000 0.036876
0.821190 0.000000 0.036593
0.790736 0.000000 0.035236
0.251024 0.000000 0.044226
0.054286 0.000000 0.037815
0.051249 0.000000 0.035699
0.943757 0.000000 0.035732
0.811851 0.000000 0.030738
0.349229 0.000000 0.071942
3.003824 0.000000 0.039612
2.590453 0.000000 0.034161
6.642653 1.000000 0.037938
5.576816 0.000000 0.031851
4.049725 0.000000 0.043808
1.019100 0.000000 0.043587
0.773786 0.000000 0.033095
0.275106 0.000000 0.046521
0.059459 0.000000 0.039753
0.051903 0.000000 0.034702
0.013798 0.000000 0.036473
0.013644 0.000000 0.036066
0.003113 0.000000 0.032536
0.003147 0.000000 0.032889
0.001127 0.000000 0.046571
0.000836 0.000000 0.034537
0.000134 0.000000 0.086794
0.000062 0.000000 0.039918
0.000012 0.000000 0.029810
0.000011 0.000000 0.028942
0.000003 0.000000 0.033133
0.000003 0.000000 0.033395
0.000001 0.000000 0.035602
0.000001 0.000000 0.032543
0.000000 0.000000 0.033990
0.000000 0.000000 0.036517
0.000000 0.000000 0.032949
0.000000 0.000000 0.034702
0.000000 0.000000 0.033692
0.000000 0.000000 0.033541
0.000000 0.000000 0.036260
0.000000 0.000000 0.036309
0.000000 0.000000 0.033448
0.000000 0.000000 0.060364
0.000000 0.000000 0.037986
0.000000 0.000000 0.030849
0.000000 0.000000 0.033944
0.000000 0.000000 0.033335
0.000000 0.000000 0.031943
0.000000 0.000000 0.032033
0.000000 0.000000 0.035901
0.000000 0.000000 0.032935
0.000000 0.000000 0.034411
0.000000 0.000000 0.036738
0.000000 0.000000 0.030700
0.000000 0.000000 0.031017
0.000000 0.000000 0.045384
0.000000 0.000000 0.032836
0.000000 0.000000 0.029053
0.000000 0.000000 0.039831
0.000000 0.000000 0.035996
0.000000 0.000000 0.034297
0.000000 0.000000 0.057682
0.000000 0.000000 0.034920
0.000000 0.000000 0.033347
0.000000 0.000000 0.034145
0.000000 0.000000 0.041085
0.000000 0.000000 0.033721
0.000000 0.000000 0.039184
0.000000 0.000000 0.033264
0.000000 0.000000 0.030978
0.000000 0.000000 0.035155
0.000000 0.000000 0.037669
0.000000 0.000000 0.033513
0.000000 0.000000 0.038110
0.000000 0.000000 0.041210
0.000000 0.000000 0.034467
0.000000 0.000000 0.034256
0.000000 0.000000 0.029472
0.000000 0.000000 0.030359
0.000000 0.000000 0.062677
0.000000 0.000000 0.038757
0.000000 0.000000 0.038732
0.000000 0.000000 0.031585
0.000000 0.000000 0.032823
0.000000 0.000000 0.032208
0.000000 0.000000 0.032242
0.000000 0.000000 0.032525
0.000000 0.000000 0.038769
0.000000 0.000000 0.031546
0.000000 0.000000 0.035387
0.000000 0.000000 0.039354
0.000000 0.000000 0.034055
0.000000 0.000000 0.033852
0.000000 0.000000 0.037392
0.000000 0.000000 0.036490
0.000000 0.000000 0.036076
0.000000 0.000000 0.041343
0.000000 0.000000 0.067022
0.000000 0.000000 0.035977
0.000000 0.000000 0.033336
0.000000 0.000000 0.039025
0.000000 0.000000 0.035947
0.131447 0.000000 0.036303
0.131541 0.000000 0.036329
0.031980 0.000000 0.034920
0.029162 0.000000 0.031844
0.008869 0.000000 0.038289
0.002201 1.000000 0.037565
0.001905 0.000000 0.032518
0.001904 0.000000 0.032508
0.000447 0.000000 0.030187
0.000478 0.000000 0.032246
0.000122 0.000000 0.032558
0.000054 0.000000 0.057102
0.000019 0.000000 0.077673
1.020636 0.000000 0.038730
1.172093 0.000000 0.044477
0.265316 0.000000 0.039858
0.737820 0.000000 0.055499
0.491488 0.000000 0.036970
0.152499 0.000000 0.045353
0.036745 0.000000 0.043206
0.040413 0.000000 0.047519
0.009089 0.000000 0.042255
0.002078 0.000000 0.038196
0.002394 0.000000 0.044012
0.000636 0.000000 0.046231
0.000139 0.000000 0.039847
0.000127 0.000000 0.036547
0.000056 0.000000 0.063623
0.000010 0.000000 0.042964
0.000003 0.000000 0.044451
0.000003 0.000000 0.048272
0.000001 0.000000 0.047262
0.000000 0.000000 0.042500
0.000000 0.000000 0.041482
0.000000 0.000000 0.051151
0.000000 0.000000 0.047346
0.000000 0.000000 0.049676
0.000000 0.000000 0.035286
0.000000 0.000000 0.037281
0.000000 0.000000 0.075213
0.000000 0.000000 0.034161
0.000000 0.000000 0.036832
0.000000 0.000000 0.035895
0.000000 0.000000 0.051156
0.000000 0.000000 0.042437
0.000000 0.000000 0.047314
0.000000 0.000000 0.049158
0.000000 0.000000 0.046294
0.000000 0.000000 0.042637
0.000000 0.000000 0.044607
0.000000 0.000000 0.038489
0.000000 0.000000 0.040329
0.000000 0.000000 0.038120
0.000000 0.000000 0.048191
0.000000 0.000000 0.057963
0.000000 0.000000 0.047849
0.000000 0.000000 0.045390
0.000000 0.000000 0.045774
0.000000 0.000000 0.040432
0.000000 0.000000 0.050119
0.000000 0.000000 0.041655
0.000000 0.000000 0.050769
0.252910 0.000000 0.045491
0.256925 0.000000 0.046213
2.763618 0.000000 0.038241
0.873897 0.000000 0.047810
0.895991 0.000000 0.049019
0.322108 0.000000 0.069674
9.518638 0.000000 0.044538
4.241899 0.000000 0.043744
3.805516 0.000000 0.039244
3.390820 0.000000 0.033570
16.792468 0.000000 0.041389
14.438400 0.000000 0.035587
5.824392 0.000000 0.037684
6.919227 0.000000 0.044768
1.370347 0.000000 0.035054
0.480291 0.000000 0.048576
0.426254 0.000000 0.043111
0.135028 0.000000 0.053995
0.026160 0.000000 0.041360
0.010809 0.000000 0.067568
0.006278 0.000000 0.039243
0.075250 0.000000 0.035931
0.361810 0.000000 0.040163
0.366381 0.000000 0.040670
0.252776 0.000000 0.042810
0.236114 0.000000 0.039988
0.058266 0.000000 0.039035
0.062619 0.000000 0.041951
2.897234 1.000000 0.035573
1.481219 -1.000000 0.040974
0.393662 1.000000 0.043049
0.408520 0.000000 0.044674
3.184981 0.000000 0.032713
1.461066 0.000000 0.059338
0.958368 0.000000 0.038922
0.223534 0.000000 0.035880
0.220004 0.000000 0.035313
0.053963 0.000000 0.034247
0.046932 0.000000 0.029785
0.013061 0.000000 0.032777
0.012298 0.000000 0.030863
3.554792 0.000000 0.032368
3.644630 0.000000 0.033186
1.947914 0.000000 0.032575
2.235404 0.000000 0.037383
0.573541 0.000000 0.037916
0.186817 0.000000 0.048830
0.142758 0.000000 0.037314
0.039823 0.000000 0.041156
0.015048 0.000000 0.061496
0.003169 0.000000 0.041701
0.003055 0.000000 0.040208
0.000708 0.000000 0.038088
0.000309 0.000000 0.053694
0.000153 0.000000 0.026504
0.000162 0.000000 0.028135
0.000050 0.000000 0.035681
0.000046 0.000000 0.032644
0.000012 0.000000 0.034481
0.000012 0.000000 0.033510
1.555102 0.000000 0.040694
2.796675 0.000000 0.034774
2.651694 0.000000 0.032971
2.587438 0.000000 0.034338
2.915449 0.000000 0.038691
2.390910 0.000000 0.033866
0.844479 0.000000 0.070567
0.440701 0.000000 0.036826
0.167094 0.000000 0.032781
0.174194 0.000000 0.034174
0.103498 0.000000 0.036227
0.036314 0.000000 0.038531
0.036527 0.000000 0.038757
0.006692 0.000000 0.032754
0.007426 0.000000 0.036347
0.001767 0.000000 0.034501
0.002046 0.000000 0.039963
0.001069 0.000000 0.040806
0.000846 0.000000 0.032283
12.254261 0.000000 0.033760
13.204665 0.000000 0.036378
9.768358 -1.000000 0.029711
4.976849 0.000000 0.029320
4.907403 0.000000 0.028911
5.365076 0.000000 0.031607
3.557445 0.000000 0.032365
3.013354 0.000000 0.063306
1.763469 0.000000 0.037048
2.653661 0.000000 0.032401
2.211072 0.000000 0.026997
2.465267 0.000000 0.032697
2.641918 0.000000 0.035040
5.755393 0.000000 0.032818
5.639114 0.000000 0.032155
12.196981 0.000000 0.032581
12.589433 0.000000 0.033629
15.531594 1.000000 0.034503
14.302620 0.000000 0.031773
24.083311 1.000000 0.036036
20.528638 0.000000 0.030717
24.943760 0.000000 0.035628
22.805608 2.000000 0.036283
19.301491 0.000000 0.030708
17.366432 1.000000 0.032847
17.854009 0.000000 0.033769
15.124217 0.000000 0.032888
14.354860 0.000000 0.031215
14.240340 0.000000 0.036163
24.675174 0.000000 0.064369
11.003353 0.000000 0.028704
10.086841 0.000000 0.026313
13.043047 0.000000 0.030872
20.011909 -1.000000 0.044978
14.761769 0.000000 0.033178
16.269204 0.000000 0.037203
15.733605 0.000000 0.035978
13.129103 0.000000 0.029297
11.859144 0.000000 0.026463
15.061106 0.000000 0.031280
15.379322 0.000000 0.031941
16.098949 -1.000000 0.031617
14.926721 0.000000 0.029315
14.289134 0.000000 0.028063
13.542782 0.000000 0.029384
16.357794 0.000000 0.035492
8.859576 -1.000000 0.029028
9.968479 0.000000 0.032661
13.880384 -1.000000 0.065406
6.285558 0.000000 0.038184
5.745961 -1.000000 0.039956
6.618272 0.000000 0.046022
3.698973 1.000000 0.032854
3.284650 0.000000 0.029174
3.454808 0.000000 0.031842
3.203086 0.000000 0.029522
3.116898 0.000000 0.031918
2.957903 0.000000 0.030290
2.778031 0.000000 0.030812
2.737726 0.000000 0.030365
3.102196 -1.000000 0.028628
3.531297 0.000000 0.032588
3.780365 0.000000 0.033687
3.940069 0.000000 0.035110
9.062618 -1.000000 0.061813
3.981270 0.000000 0.027155
5.495059 -1.000000 0.032779
4.910161 0.000000 0.029290
4.338329 -1.000000 0.029322
4.121247 0.000000 0.027855
3.654006 0.000000 0.031075
3.874360 0.000000 0.032949
3.218416 0.000000 0.028602
3.998299 0.000000 0.035533
5.232098 0.000000 0.035017
3.913030 0.000000 0.026189
5.143214 1.000000 0.036541
4.855959 0.000000 0.034500
7.805476 0.000000 0.033451
7.798912 0.000000 0.033423
6.537029 1.000000 0.044749
7.634742 0.000000 0.068544
1.823071 1.000000 0.038895
1.836414 0.000000 0.039180
1.946064 -1.000000 0.030788
2.478200 0.000000 0.039207
2.363379 -1.000000 0.040094
2.027502 -2.000000 0.038225
1.775884 0.000000 0.033481
2.189246 -2.000000 0.047460
1.805357 0.000000 0.039138
1.750392 -3.000000 0.045904
1.236704 -2.000000 0.030725
1.630049 0.000000 0.040497
2.030757 -2.000000 0.041150
2.080845 0.000000 0.042165
4.695308 -5.000000 0.073103
2.486485 0.000000 0.038713
1.332043 -4.000000 0.037586
1.318861 0.000000 0.037214
2.120755 -4.000000 0.034197
2.399806 0.000000 0.038697
1.911882 -4.000000 0.036406
1.173875 -3.000000 0.031989
1.316913 0.000000 0.035887
0.879269 -2.000000 0.037450
0.913639 0.000000 0.038914
1.246642 -3.000000 0.040213
1.128877 0.000000 0.036414
1.940509 -3.000000 0.030219
1.204889 -1.000000 0.042192
1.110195 0.000000 0.038876
0.384486 -2.000000 0.037675
1.749047 -2.000000 0.064598
0.991195 0.000000 0.036608
1.311736 -2.000000 0.037041
1.476714 0.000000 0.041700
1.577605 -2.000000 0.038237
1.966674 -1.000000 0.031573
1.770669 0.000000 0.028426
1.905131 0.000000 0.030585
2.082287 0.000000 0.040783
0.734702 0.000000 0.031868
0.738088 0.000000 0.032015
0.660882 0.000000 0.028666
0.509544 0.000000 0.034431
0.384075 0.000000 0.034809
0.462558 0.000000 0.041922
0.258874 1.000000 0.030773
0.256596 0.000000 0.030502
0.176664 1.000000 0.033987
0.175558 0.000000 0.033774
0.637524 2.000000 0.033311
0.682333 0.000000 0.035652
1.514915 2.000000 0.039104
1.274757 0.000000 0.032905
1.185243 3.000000 0.035721
1.806673 3.000000 0.047119
3.592060 3.000000 0.068552
1.746720 0.000000 0.033335
1.990208 3.000000 0.033663
2.362150 0.000000 0.039954
1.251749 3.000000 0.035993
1.311606 0.000000 0.037714
1.788491 4.000000 0.030679
4.354035 4.000000 0.038520
3.618162 0.000000 0.032010
1.301345 3.000000 0.039845
1.193599 0.000000 0.036546
1.461423 3.000000 0.035082
1.456716 0.000000 0.034969
0.790862 2.000000 0.030018
0.823118 0.000000 0.031242
0.951059 3.000000 0.030788
0.897221 0.000000 0.029045
0.626199 4.000000 0.039575
0.481798 0.000000 0.030449
0.801696 1.000000 0.033559
0.754514 0.000000 0.031584
0.269687 1.000000 0.032544
0.296166 0.000000 0.035739
0.073116 2.000000 0.036494
0.074306 0.000000 0.037088
0.300228 3.000000 0.035760
0.471434 3.000000 0.039486
0.388822 0.000000 0.032567
1.373937 3.000000 0.069416
0.859340 4.000000 0.036376
0.830334 0.000000 0.035148
1.371648 3.000000 0.041287
1.140717 0.000000 0.034336
2.641099 1.000000 0.038505
1.060150 0.000000 0.039468
0.928961 0.000000 0.034584
4.455948 -3.000000 0.050109
2.660123 0.000000 0.029914
4.407833 -5.000000 0.031906
5.189084 0.000000 0.037561
2.743535 -6.000000 0.036801
2.405809 -4.000000 0.037654
2.541658 0.000000 0.039780
1.747027 -4.000000 0.030155
1.643086 0.000000 0.028361
1.888802 0.000000 0.032602
2.117341 -3.000000 0.036246
1.429021 -4.000000 0.040521
1.187203 0.000000 0.033664
0.833921 -4.000000 0.041959
0.663118 0.000000 0.033365
0.394378 -3.000000 0.038136
1.502900 -3.000000 0.032545
3.048452 0.000000 0.066014
0.578355 -3.000000 0.032855
0.987814 -2.000000 0.031717
0.899332 0.000000 0.028876
1.605113 -3.000000 0.049313
1.123053 0.000000 0.034503
1.384383 -3.000000 0.037765
1.035519 0.000000 0.028248
0.693807 -3.000000 0.032738
0.934090 0.000000 0.044076
0.493084 -3.000000 0.035322
0.756540 -3.000000 0.038928
0.699010 0.000000 0.035968
0.568720 -3.000000 0.044239
0.506577 0.000000 0.039405
0.517922 -3.000000 0.044601
0.210879 2.000000 0.071830
0.117290 4.000000 0.035317
0.112421 0.000000 0.033851
0.498923 7.000000 0.035104
0.402660 0.000000 0.028331
3.966415 6.000000 0.042469
1.588194 6.000000 0.048731
1.453076 0.000000 0.044585
0.424937 2.000000 0.027782
0.533375 0.000000 0.034872
0.981825 0.000000 0.028414
1.221463 0.000000 0.035349
1.770072 -1.000000 0.038993
1.466077 0.000000 0.032296
0.697398 0.000000 0.043522
0.263749 0.000000 0.032813
1.039618 -1.000000 0.062837
0.643524 0.000000 0.038896
0.899258 -1.000000 0.040510
0.853266 0.000000 0.038438
0.467245 -1.000000 0.028596
0.709348 0.000000 0.043413
0.264331 0.000000 0.036979
0.482943 0.000000 0.037621
0.410028 0.000000 0.031941
0.300262 -1.000000 0.035878
0.251554 0.000000 0.030058
0.078406 1.000000 0.075155
1.859017 -2.000000 0.107337
0.619035 1.000000 0.116572
0.161066 -1.000000 0.099731
0.086928 0.000000 0.055033
2.174839 1.000000 0.103081
2.316922 1.000000 0.114248
0.841541 2.000000 0.047018
2.595608 0.000000 0.063945
0.790165 3.000000 0.102752
5.585081 5.000000 0.131626
0.772255 0.000000 0.100776
0.154006 0.000000 0.048751
1.817662 -1.000000 0.120148
0.472973 -1.000000 0.047822
0.504009 0.000000 0.050960
0.801367 -1.000000 0.117858
1.391923 2.000000 0.057224
1.885769 -3.000000 0.126543
0.199738 1.000000 0.042068
0.562094 0.000000 0.103820
0.100711 0.000000 0.041365
0.025976 1.000000 0.060953
0.727735 0.000000 0.111205
1.693105 0.000000 0.096230
0.461946 0.000000 0.042532
1.570119 0.000000 0.082694
2.746082 0.000000 0.053684
2.327963 0.000000 0.045510
4.156098 1.000000 0.056190
8.102969 3.000000 0.105850
15.337933 5.000000 0.109014
19.655240 2.000000 0.107546
21.258790 6.000000 0.133181
9.117824 2.000000 0.044529
26.836961 4.000000 0.143550
6.143045 0.000000 0.050744
5.067738 1.000000 0.055622
6.698749 1.000000 0.096648
3.866309 1.000000 0.109627
1.145061 0.000000 0.047354
3.245205 1.000000 0.101242
8.364751 2.000000 0.096261
8.839358 2.000000 0.078210
17.497695 6.000000 0.121607
10.235807 4.000000 0.072121
10.667636 7.000000 0.117314
6.751625 4.000000 0.099220
2.621455 5.000000 0.140758
3.321322 4.000000 0.141964
1.697803 0.000000 0.084724
1.397664 1.000000 0.049975
3.136693 0.000000 0.105680
2.559637 0.000000 0.132343
1.299334 0.000000 0.051092
2.199451 0.000000 0.058984
1.978172 0.000000 0.077122
1.005279 1.000000 0.053046
1.295181 -1.000000 0.095660
0.718564 0.000000 0.053072
2.616815 0.000000 0.120647
0.953454 0.000000 0.055306
1.279784 0.000000 0.064398
1.114837 0.000000 0.057728
0.727744 0.000000 0.059052
0.754650 0.000000 0.076250
0.498658 0.000000 0.057363
0.818161 -1.000000 0.057109
0.941567 -1.000000 0.058723
1.350422 -1.000000 0.068544
0.982738 0.000000 0.049881
2.728060 -3.000000 0.110726
1.559715 -2.000000 0.049147
1.756305 -2.000000 0.055602
1.100998 -1.000000 0.050579
1.658907 0.000000 0.086378
1.325712 -2.000000 0.102421
0.478559 -1.000000 0.048075
0.389684 -1.000000 0.051487
0.102082 -1.000000 0.062599
0.334827 -1.000000 0.047307
0.396672 0.000000 0.056045
0.399348 -1.000000 0.049779
1.144751 -3.000000 0.149339
1.728638 -1.000000 0.101394
2.004961 -2.000000 0.096573
0.991712 0.000000 0.047768
1.353179 -2.000000 0.098632
1.025344 -2.000000 0.091483
1.260340 -2.000000 0.098147
0.968730 -1.000000 0.051700
0.837795 0.000000 0.044712
3.925204 -3.000000 0.136438
4.571237 -3.000000 0.131404
1.828394 -1.000000 0.058757
1.640612 -2.000000 0.050333
2.150138 -1.000000 0.060510
1.312536 -2.000000 0.046426
5.928435 -3.000000 0.141593
3.640223 -1.000000 0.082150
6.308039 -4.000000 0.125955
3.845705 -2.000000 0.085846
4.156927 -4.000000 0.091324
2.832425 -1.000000 0.061533
3.573679 -2.000000 0.071917
3.983567 -2.000000 0.091054
3.938524 -3.000000 0.095074
6.906920 -2.000000 0.129163
4.426907 -1.000000 0.088056
4.638183 -3.000000 0.114289
3.008976 -1.000000 0.061423
5.185068 -1.000000 0.105856
8.375189 -3.000000 0.111153
6.282138 -2.000000 0.101421
7.652717 -1.000000 0.112034
7.744677 -2.000000 0.111717
6.095105 -2.000000 0.093491
5.873577 -1.000000 0.087595
4.892735 -1.000000 0.084578
4.102276 -2.000000 0.094146
9.850453 -2.000000 0.143202
5.403744 -2.000000 0.117206
2.071858 0.000000 0.044938
3.550403 -4.000000 0.117620
2.212469 -2.000000 0.098980
2.747488 -2.000000 0.097979
4.352415 -3.000000 0.134890
3.565971 -2.000000 0.110876
3.458454 -2.000000 0.118609
2.154273 -1.000000 0.054989
6.604007 -3.000000 0.127235
10.996064 -2.000000 0.142201
6.332373 -3.000000 0.117745
3.206120 -1.000000 0.078401
1.961747 -1.000000 0.057544
4.663533 -1.000000 0.117150
4.418817 -2.000000 0.097200
5.158219 0.000000 0.084012
3.845415 -1.000000 0.106910
1.215152 0.000000 0.045031
3.994666 -1.000000 0.094811
4.234552 0.000000 0.079104
2.671260 -1.000000 0.073541
1.093071 0.000000 0.044556
2.199247 -2.000000 0.099052
0.973181 0.000000 0.043831
1.086105 0.000000 0.062443
0.564606 -1.000000 0.062225
0.839227 -2.000000 0.111982
4.591727 -1.000000 0.128491
3.655369 -1.000000 0.091995
2.321542 -1.000000 0.097584
1.241971 0.000000 0.079167
1.800236 1.000000 0.098143
1.722779 0.000000 0.095918
1.218202 0.000000 0.045768
1.446207 0.000000 0.054334
2.343195 -2.000000 0.117647
0.877343 -1.000000 0.043630
0.991994 -1.000000 0.051889
0.821967 -1.000000 0.045389
1.123817 -1.000000 0.083238
0.575008 0.000000 0.042589
1.604288 0.000000 0.101003
0.622205 -1.000000 0.041537
0.682498 0.000000 0.045562
1.693439 -1.000000 0.114250
0.557907 -1.000000 0.046819
0.356092 0.000000 0.046696
0.621087 0.000000 0.079689
0.323686 -1.000000 0.053793
0.301303 0.000000 0.050073
0.228540 0.000000 0.048368
0.297335 0.000000 0.048920
0.276844 0.000000 0.048154
0.288549 0.000000 0.050190
0.199598 0.000000 0.049278
0.265464 0.000000 0.051455
0.433404 0.000000 0.095738
0.188844 0.000000 0.043740
0.650270 0.000000 0.115914
0.210588 1.000000 0.046695
0.222800 0.000000 0.049403
0.464936 0.000000 0.118070
0.187074 0.000000 0.045500
0.200975 0.000000 0.048221
0.214171 0.000000 0.051387
0.193796 0.000000 0.049343
0.179137 0.000000 0.052988
0.157133 0.000000 0.055831
0.191653 0.000000 0.058222
0.146078 0.000000 0.044377
0.264443 1.000000 0.082180
0.208628 1.000000 0.069980
0.140373 0.000000 0.047085
0.205360 1.000000 0.057527
0.281769 1.000000 0.054629
0.277632 1.000000 0.058036
0.153035 1.000000 0.047869
0.241950 0.000000 0.054446
0.214065 0.000000 0.048171
0.538805 1.000000 0.059901
0.418687 2.000000 0.056522
0.826060 2.000000 0.123324
0.394221 2.000000 0.119278
0.170773 0.000000 0.051670
0.356074 2.000000 0.063200
1.017312 2.000000 0.107145
0.398408 1.000000 0.053309
0.530585 1.000000 0.056679
1.184710 3.000000 0.109994
0.528451 0.000000 0.049064
0.954115 2.000000 0.047121
1.973460 3.000000 0.111041
1.777351 2.000000 0.098973
0.871443 2.000000 0.044872
2.575785 3.000000 0.113395
2.083904 2.000000 0.092691
1.593624 3.000000 0.104805
0.198123 2.000000 0.112875
0.082052 0.000000 0.046747
0.248077 2.000000 0.049605
0.064145 2.000000 0.118694
0.116341 1.000000 0.045021
0.122646 0.000000 0.047461
0.100267 2.000000 0.053166
0.631384 1.000000 0.103926
0.299329 0.000000 0.069960
0.198764 0.000000 0.046456
0.158253 0.000000 0.047476
0.291732 0.000000 0.048138
0.298261 0.000000 0.047150
0.301125 0.000000 0.047603
0.355842 0.000000 0.062319
0.234300 0.000000 0.044984
0.344268 0.000000 0.073362
0.224293 0.000000 0.044925
0.267328 0.000000 0.048376
0.261304 0.000000 0.047286
0.228962 0.000000 0.047485
0.228926 0.000000 0.047035
0.250288 0.000000 0.048208
0.252972 0.000000 0.048725
0.339262 0.000000 0.048535
0.481841 -2.000000 0.074077
0.286359 -3.000000 0.044300
0.839728 -5.000000 0.048645
0.840556 0.000000 0.048693
0.778711 -5.000000 0.061181
0.498190 -4.000000 0.076066
0.835651 -8.000000 0.085184
2.431749 -3.000000 0.103909
2.850563 -6.000000 0.097172
1.408536 -3.000000 0.066753
2.474407 -8.000000 0.107174
1.496564 -2.000000 0.097471
2.001872 -2.000000 0.090033
2.695825 -3.000000 0.056494
2.380444 -4.000000 0.048540
4.403165 -8.000000 0.166764
1.183775 0.000000 0.044834
0.817084 -3.000000 0.072109
1.640239 -5.000000 0.085973
1.029706 0.000000 0.053972
0.895927 -4.000000 0.107331
0.863267 -2.000000 0.044933
1.455578 -1.000000 0.047540
2.327296 -2.000000 0.099287
1.539386 -2.000000 0.080079
0.741980 -1.000000 0.051968
5.301312 -3.000000 0.099955
8.835572 -1.000000 0.112450
16.260396 -1.000000 0.109638
8.304575 1.000000 0.086444
1.165474 -2.000000 0.108901
0.391714 -1.000000 0.045424
0.568749 -2.000000 0.051091
0.585760 0.000000 0.052619
1.226298 -1.000000 0.123037
0.932320 -1.000000 0.099383
3.549509 -4.000000 0.127909
1.415376 0.000000 0.114050
1.643164 0.000000 0.087749
0.886773 0.000000 0.047356
0.792824 -1.000000 0.052210
1.676868 1.000000 0.151271
0.959116 0.000000 0.105339
0.372468 -1.000000 0.105373
0.698590 1.000000 0.118027
0.404682 0.000000 0.094654
0.122173 0.000000 0.046689
0.161892 0.000000 0.055862
0.287925 0.000000 0.061973
0.225052 0.000000 0.050628
0.255138 0.000000 0.057396
0.231267 0.000000 0.074760
0.577008 0.000000 0.111811
0.377215 0.000000 0.063706
0.212240 0.000000 0.048841
0.174021 0.000000 0.058570
0.219841 0.000000 0.048464
0.332490 0.000000 0.062697
0.264402 0.000000 0.049858
0.180603 0.000000 0.047834
0.124251 0.000000 0.054707
0.205145 0.000000 0.066812
0.231370 0.000000 0.050971
0.195767 0.000000 0.054135
0.196753 0.000000 0.054408
0.123001 0.000000 0.051358
0.117986 1.000000 0.049998
0.774549 0.000000 0.159657
0.160682 0.000000 0.056741
0.472967 0.000000 0.124533
0.220756 0.000000 0.049462
0.141940 0.000000 0.051741
0.145435 0.000000 0.063428
0.121513 0.000000 0.052995
0.211285 0.000000 0.062882
0.230631 0.000000 0.051612
0.222243 0.000000 0.060989
0.109182 0.000000 0.055498
0.109002 0.000000 0.047986
0.243158 1.000000 0.057041
0.252124 0.000000 0.064173
0.174690 0.000000 0.044464
0.185063 0.000000 0.070896
0.352270 0.000000 0.072962
0.220847 0.000000 0.045742
0.288203 0.000000 0.054059
0.263295 0.000000 0.056237
0.248773 1.000000 0.049588
1.439497 4.000000 0.117771
1.666307 2.000000 0.100233
2.185193 4.000000 0.107276
2.131129 3.000000 0.096525
0.948461 2.000000 0.044768
1.624020 3.000000 0.093029
0.527636 3.000000 0.048220
0.596323 3.000000 0.049165
1.498348 5.000000 0.141899
0.679336 3.000000 0.052860
2.726163 5.000000 0.119050
2.962506 3.000000 0.118933
1.309342 6.000000 0.092441
0.236931 5.000000 0.098920
0.616175 2.000000 0.111771
0.208895 2.000000 0.043734
0.269029 3.000000 0.047052
1.254869 3.000000 0.110315
0.753643 4.000000 0.044048
2.562481 4.000000 0.095134
6.664494 9.000000 0.127392
3.661920 7.000000 0.082636
4.622964 3.000000 0.107978
2.074405 4.000000 0.044416
2.554020 3.000000 0.066166
1.495274 4.000000 0.046196
2.682810 4.000000 0.097202
1.550667 6.000000 0.097154
0.677038 2.000000 0.091596
1.313735 4.000000 0.114771
1.404839 5.000000 0.104490
1.189440 2.000000 0.074516
1.340575 3.000000 0.070870
1.653623 2.000000 0.092240
0.714758 2.000000 0.044423
1.749122 3.000000 0.072961
5.020930 7.000000 0.107259
2.040376 0.000000 0.043587
2.659422 5.000000 0.048180
3.666383 4.000000 0.060584
3.161725 5.000000 0.048910
3.136141 0.000000 0.048514
10.602522 9.000000 0.122756
6.825000 8.000000 0.110169
4.291084 4.000000 0.082400
2.293367 3.000000 0.046167
3.078512 4.000000 0.074047
1.428859 5.000000 0.048794
2.705535 4.000000 0.074194
1.379086 4.000000 0.050192
4.861165 8.000000 0.113049
3.838847 5.000000 0.065402
19.446099 5.000000 0.089853
19.667946 12.000000 0.115917
10.958926 4.000000 0.114227
4.906411 4.000000 0.079067
8.427923 1.000000 0.097003
8.286912 5.000000 0.150931
2.778633 2.000000 0.104536
0.661786 2.000000 0.050371
0.825663 2.000000 0.089620
0.504895 0.000000 0.054803
0.910790 0.000000 0.098860
0.699060 0.000000 0.075878
0.813380 0.000000 0.088287
0.909980 0.000000 0.098772
0.815500 0.000000 0.088517
0.913700 0.000000 0.099176
1.028559 0.000000 0.111643
0.686742 0.000000 0.074541
0.436866 0.000000 0.047419
0.651217 0.000000 0.070685
1.023068 0.000000 0.111047
1.068883 0.000000 0.116020
0.499125 -1.000000 0.048890
1.525510 0.000000 0.140366
0.481903 0.000000 0.044341
0.476088 0.000000 0.052317
0.645681 0.000000 0.051520
0.525928 0.000000 0.058717
0.417876 0.000000 0.051684
0.389198 0.000000 0.048137
0.315337 0.000000 0.052158
0.428596 0.000000 0.069526
0.232187 0.000000 0.042273
0.110828 0.000000 0.056335
0.093284 0.000000 0.047417
0.085236 1.000000 0.082538
0.318661 0.000000 0.086063
0.201183 -1.000000 0.045263
0.832970 0.000000 0.110620
0.670557 0.000000 0.053137
1.991772 -3.000000 0.083439
5.391667 -3.000000 0.110117
5.046447 -5.000000 0.115006
2.936212 -5.000000 0.130121
2.224590 -3.000000 0.065841
2.251664 -3.000000 0.046083
4.200201 -2.000000 0.104802
1.807163 -5.000000 0.082776
1.083846 0.000000 0.049645
3.462974 -5.000000 0.105539
6.075704 -6.000000 0.124178
6.396518 -2.000000 0.056958
5.777796 -2.000000 0.098627
1.136270 -2.000000 0.128832
0.346781 -2.000000 0.082093
1.104799 -6.000000 0.111780
1.250780 -4.000000 0.045266
1.839945 -3.000000 0.052141
2.309585 -3.000000 0.052113
2.163443 -3.000000 0.126730
0.129533 -5.000000 0.118473
0.012411 -1.000000 0.044924
13.118420 -2.000000 0.075672
15.007068 -7.000000 0.112651
24.866396 -6.000000 0.112212
17.004572 -4.000000 0.092085
7.956046 -4.000000 0.096799
4.838552 -1.000000 0.082115
4.914573 -1.000000 0.111982
3.318367 -3.000000 0.105534
3.953493 0.000000 0.103186
2.939459 -1.000000 0.098224
2.253907 0.000000 0.105100
10.610347 0.000000 0.101672
5.646936 1.000000 0.113243
0.928821 -2.000000 0.139657
18.530855 3.000000 0.098656
12.461517 1.000000 0.086751
2.507500 3.000000 0.096537
160.531409 3.000000 0.109060
197.846527 4.000000 0.115181
55.420013 4.000000 0.100958
25.115220 0.000000 0.045752
45.150672 4.000000 0.122741
27.783144 3.000000 0.115568
15.881305 2.000000 0.080014
12.184970 2.000000 0.068935
7.610561 1.000000 0.045262
11.978759 0.000000 0.065689
9.553562 0.000000 0.048756
15.146115 -1.000000 0.073404
10.592626 -1.000000 0.044333
12.883064 0.000000 0.053919
88.496135 -1.000000 0.096655
61.990262 0.000000 0.053945
73.062990 -1.000000 0.061428
44.775356 0.000000 0.037645
53.593980 0.000000 0.044340
64.291712 -1.000000 0.056195
33.301993 0.000000 0.029108
22.620073 0.000000 0.036706
19.666428 0.000000 0.031913
18.033126 -1.000000 0.035356
17.284289 0.000000 0.033888
37.425020 -1.000000 0.033462
38.102590 0.000000 0.034068
33.140077 0.000000 0.031619
32.121286 0.000000 0.030647
33.684955 -1.000000 0.034281
32.716938 0.000000 0.033296
13.040547 -1.000000 0.031264
15.174873 0.000000 0.036381
5.399132 0.000000 0.028178
6.817223 0.000000 0.035579
1.260047 0.000000 0.035247
1.058635 0.000000 0.029613
0.312213 -1.000000 0.035100
0.303976 0.000000 0.034174
0.079302 0.000000 0.035273
0.074112 0.000000 0.032965
0.009644 0.000000 0.067022
0.004805 0.000000 0.033392
0.001467 0.000000 0.040313
0.001244 0.000000 0.034186
0.000337 0.000000 0.036575
0.000288 0.000000 0.031284
0.000078 0.000000 0.033642
0.000078 0.000000 0.033418
0.000026 0.000000 0.044607
0.000020 0.000000 0.033800
0.000005 0.000000 0.031192
0.000005 0.000000 0.030328
0.000001 0.000000 0.037044
0.000001 0.000000 0.029580
0.000000 0.000000 0.039863
0.000000 0.000000 0.043946
0.000000 0.000000 0.044450
0.000000 0.000000 0.030749
0.000000 0.000000 0.034539
0.000000 0.000000 0.042009
0.000000 0.000000 0.035451
0.000000 0.000000 0.033144
0.000000 0.000000 0.037937
0.000000 0.000000 0.072317
0.000000 0.000000 0.034771
0.000000 0.000000 0.030857
0.000000 0.000000 0.031996
0.000000 0.000000 0.032889
0.000000 0.000000 0.028720
0.000000 0.000000 0.034638
0.000000 0.000000 0.032269
0.000000 1.000000 0.036257
0.000000 0.000000 0.030116
0.000000 0.000000 0.045902
0.000000 0.000000 0.034688
0.000000 0.000000 0.029999
0.000000 0.000000 0.031089
0.000000 0.000000 0.033134
0.000000 0.000000 0.031257
0.000000 0.000000 0.036618
0.000000 0.000000 0.033178
0.000000 0.000000 0.036402
0.000000 0.000000 0.035389
0.000000 0.000000 0.055299
0.000000 0.000000 0.033267
0.000000 0.000000 0.032792
0.000000 0.000000 0.033047
0.000000 0.000000 0.034020
0.000000 0.000000 0.028741
0.000000 0.000000 0.032737
0.000000 0.000000 0.034813
0.000000 0.000000 0.028632
0.000000 0.000000 0.031023
0.000000 0.000000 0.029731
0.000000 0.000000 0.028512
0.000000 0.000000 0.028551
0.000000 0.000000 0.027235
0.000000 0.000000 0.032681
0.000000 0.000000 0.035269
0.000000 0.000000 0.032397
0.000000 0.000000 0.037779
0.000000 0.000000 0.065393
0.000000 0.000000 0.035222
0.000000 0.000000 0.025573
0.000000 0.000000 0.037182
0.000000 0.000000 0.034409
0.000000 0.000000 0.032357
0.000000 0.000000 0.032480
0.000000 0.000000 0.033788
0.000000 0.000000 0.031880
0.000000 0.000000 0.037823
0.000000 0.000000 0.028387
