0.000000 0.000000 0.000000
-0.139437 0.000000 0.050360
-0.139329 0.000000 0.050321
-0.185615 0.000000 0.050247
0.040426 0.000000 0.050190
0.173416 0.000000 0.050192
0.173590 0.000000 0.050242
0.346980 0.000000 0.050220
0.392051 0.000000 0.050228
0.267499 0.000000 0.050198
0.331720 0.000000 0.050233
0.331628 0.000000 0.050219
0.149673 0.000000 0.050190
0.192333 0.000000 0.050152
-0.043514 0.000000 0.050170
-0.043506 0.000000 0.050161
-0.025151 0.000000 0.050158
0.099812 0.000000 0.050203
0.155721 0.000000 0.050193
0.357903 0.000000 0.050166
0.358155 0.000000 0.050201
0.494078 0.000000 0.050211
0.476438 0.000000 0.050169
0.396867 0.000000 0.050226
0.396709 0.000000 0.050206
0.286529 0.000000 0.050242
0.255773 0.000000 0.050199
0.225747 0.000000 0.050219
0.225410 0.000000 0.050144
0.270327 0.000000 0.050190
0.365176 0.000000 0.050153
0.416450 0.000000 0.050196
0.695677 0.000000 0.050156
0.696742 0.000000 0.050233
1.324881 0.000000 0.050197
2.124057 0.000000 0.050208
3.231350 -1.000000 0.050170
3.234820 0.000000 0.050224
3.670944 0.000000 0.050225
4.425150 0.000000 0.050177
5.829857 1.000000 0.050211
5.829054 0.000000 0.050204
8.197788 -1.000000 0.050235
10.021438 -1.000000 0.050214
11.023132 -1.000000 0.050160
11.254150 -1.000000 0.050162
11.255006 0.000000 0.050166
11.068689 0.000000 0.050175
11.175356 -1.000000 0.050210
11.312284 0.000000 0.050208
11.314755 0.000000 0.050219
12.014061 -1.000000 0.050212
12.402939 0.000000 0.050203
12.627616 -1.000000 0.050189
13.815639 -1.000000 0.050181
13.818133 0.000000 0.050190
12.388200 -1.000000 0.050204
11.708402 -2.000000 0.050181
10.806552 -1.000000 0.050210
10.803319 0.000000 0.050195
9.241710 -1.000000 0.050158
7.750476 0.000000 0.050163
5.211746 0.000000 0.050160
5.216849 0.000000 0.050209
3.096631 0.000000 0.050217
1.573693 0.000000 0.050175
0.501009 0.000000 0.050172
0.081830 0.000000 0.050161
0.081814 0.000000 0.050151
0.069188 0.000000 0.050147
0.270532 0.000000 0.050152
0.344214 0.000000 0.050147
0.344214 0.000000 0.050147
0.176214 0.000000 0.050146
-0.115191 0.000000 0.050143
-0.301731 0.000000 0.050140
-0.301823 0.000000 0.050155
-0.154559 0.000000 0.050149
-0.176206 0.000000 0.050154
-0.163207 0.000000 0.050145
-0.164202 1.000000 0.050191
-0.164143 0.000000 0.050173
-0.114262 0.000000 0.050182
-0.169208 1.000000 0.050170
-0.195754 1.000000 0.050148
-0.195739 0.000000 0.050144
-0.455235 2.000000 0.050162
-0.802823 2.000000 0.050149
-0.720969 2.000000 0.050153
-0.721113 0.000000 0.050163
-0.412811 3.000000 0.050177
-0.070737 2.000000 0.050161
0.086793 2.000000 0.050156
-0.128994 3.000000 0.050148
-0.129014 0.000000 0.050156
-0.278543 3.000000 0.050163
-0.517131 4.000000 0.050201
-0.370847 2.000000 0.050184
-0.370863 0.000000 0.050186
-0.481006 4.000000 0.050154
-0.634660 2.000000 0.050154
-0.427085 4.000000 0.050149
-0.375827 3.000000 0.050152
-0.375938 0.000000 0.050167
-0.343526 3.000000 0.050154
-0.390958 2.000000 0.050155
-0.391806 3.000000 0.050156
-0.391815 0.000000 0.050157
-0.295155 3.000000 0.050156
-0.375726 3.000000 0.050165
-0.605723 2.000000 0.050156
-0.605738 0.000000 0.050157
-0.428079 1.000000 0.050199
-0.623318 2.000000 0.050185
-0.273783 0.000000 0.050156
-0.274675 1.000000 0.050161
-0.274567 0.000000 0.050141
-0.022303 1.000000 0.050152
0.059024 0.000000 0.050189
0.117891 0.000000 0.050154
0.117959 0.000000 0.050183
0.083736 0.000000 0.050169
0.462911 0.000000 0.050172
0.650255 -1.000000 0.050157
0.650901 0.000000 0.050207
0.395638 0.000000 0.050282
0.096706 0.000000 0.050276
-0.013054 -1.000000 0.050219
0.059646 0.000000 0.050250
0.059649 0.000000 0.050252
0.052409 0.000000 0.050270
0.056035 0.000000 0.050265
0.139107 0.000000 0.050279
0.139032 0.000000 0.050252
0.640410 0.000000 0.050259
1.622656 -2.000000 0.050263
4.717353 -3.000000 0.050283
9.770041 -5.000000 0.050229
9.771386 0.000000 0.050236
14.615643 -8.000000 0.050222
19.877105 -13.000000 0.050272
26.568025 -13.000000 0.050277
26.565380 0.000000 0.050272
46.739954 -13.000000 0.050269
65.002420 -15.000000 0.050281
82.896497 -16.000000 0.050266
82.921267 0.000000 0.050281
82.242288 -15.000000 0.050275
83.205727 -14.000000 0.050394
54.190756 -12.000000 0.050308
19.621470 -10.000000 0.050263
19.621563 0.000000 0.050263
10.653190 -7.000000 0.050264
12.798342 -3.000000 0.050284
8.917979 -3.000000 0.050285
8.914935 0.000000 0.050268
7.164014 -3.000000 0.050267
5.838381 -1.000000 0.050275
5.342422 -1.000000 0.050223
5.006934 1.000000 0.050238
5.009833 0.000000 0.050267
4.694413 2.000000 0.050274
4.392146 0.000000 0.050204
4.119898 0.000000 0.050263
4.121188 0.000000 0.050279
3.861279 0.000000 0.050280
3.614003 0.000000 0.050229
3.389262 0.000000 0.050277
3.388057 0.000000 0.050259
3.175334 0.000000 0.050275
-4.623046 0.000000 0.050273
-24.771032 0.000000 0.050314
-7.341795 0.000000 0.050269
-7.342631 0.000000 0.050275
-0.659605 0.000000 0.050268
1.033242 0.000000 0.050279
1.814715 0.000000 0.050274
1.814793 0.000000 0.050276
0.362226 0.000000 0.050215
0.789738 0.000000 0.050292
-0.086730 0.000000 0.050278
0.142586 0.000000 0.050276
0.142450 0.000000 0.050228
