0.0 | 0 | 0.0
0.0 | 0 | 0.0
0.01 | 30 | 0.0363070964813
0.04 | 0 | 0.0813720226288
-0.05 | 0 | 0.0765450000763
-0.07 | 0 | 0.102475881577
0.06 | 0 | 0.037171125412
0.1 | 0 | 0.0401067733765
0.02 | 0 | 0.0385382175446
0.02 | 0 | 0.0384528636932
-0.01 | 0 | 0.0373771190643
-0.01 | 0 | 0.0362508296967
-0.03 | 0 | 0.0359950065613
-0.02 | 0 | 0.0452501773834
-0.02 | 0 | 0.0436828136444
-0.04 | 0 | 0.0403990745544
-0.07 | 0 | 0.0658249855042
-0.02 | 0 | 0.0457289218903
-0.02 | 0 | 0.0372340679169
0.01 | 0 | 0.0347509384155
0.01 | 0 | 0.0360381603241
0.01 | 0 | 0.0341670513153
-0.01 | 0 | 0.0374348163605
-0.01 | 0 | 0.0390200614929
-0.01 | 0 | 0.0433790683746
-0.01 | 0 | 0.0378918647766
0.02 | 0 | 0.0364241600037
0.02 | 0 | 0.0353538990021
-0.01 | 0 | 0.0428509712219
-0.11 | 0 | 0.0407559871674
-0.09 | 0 | 0.0317230224609
-0.15 | 0 | 0.0483191013336
-0.08 | 0 | 0.0371270179749
-0.08 | 0 | 0.0377078056335
-0.1 | 0 | 0.0491352081299
-0.1 | 0 | 0.0482318401337
-0.14 | 0 | 0.0589690208435
-0.07 | 0 | 0.0381691455841
-0.04 | 0 | 0.0374088287354
-0.04 | 0 | 0.0391781330109
-0.13 | 0 | 0.0382800102234
-0.13 | 0 | 0.037889957428
0.14 | -1 | 0.0596768856049
0.09 | -1 | 0.0354690551758
0.09 | 0 | 0.0339300632477
-0.05 | -1 | 0.0346879959106
-0.07 | 0 | 0.0464100837708
-0.03 | 0 | 0.0373849868774
0.26 | 1 | 0.0759239196777
0.17 | 0 | 0.0375978946686
0.16 | 0 | 0.0358281135559
0.26 | 0 | 0.0320448875427
0.62 | 1 | 0.0340070724487
1.06 | 0 | 0.0584011077881
0.98 | 0 | 0.0472888946533
0.76 | 0 | 0.0696179866791
0.33 | -1 | 0.0378980636597
0.28 | 0 | 0.0321810245514
0.91 | 1 | 0.0705878734589
1.48 | 0 | 0.082633972168
1.05 | 2 | 0.0697870254517
0.52 | 0 | 0.0770189762115
0.43 | 0 | 0.0635659694672
0.29 | -1 | 0.0326511859894
0.11 | -1 | 0.0328419208527
0.24 | 0 | 0.069591999054
0.27 | 0 | 0.0323219299316
0.37 | -1 | 0.0856101512909
0.31 | 0 | 0.0721638202667
-0.06 | 0 | 0.070011138916
-0.13 | 0 | 0.0419209003448
-0.11 | 0 | 0.0353629589081
-0.08 | 0 | 0.0353791713715
-0.08 | 0 | 0.0346419811249
-0.1 | 0 | 0.0408658981323
-0.08 | 0 | 0.0340061187744
-0.19 | 0 | 0.0383868217468
-0.18 | 0 | 0.0348660945892
-0.2 | 0 | 0.0351030826569
-0.18 | -1 | 0.0353379249573
-0.62 | 0 | 0.122853040695
-0.23 | 1 | 0.0760350227356
-0.04 | -1 | 0.039274930954
-0.01 | 1 | 0.0351710319519
-0.01 | 0 | 0.0583379268646
-0.01 | 0 | 0.048141002655
-0.07 | 0 | 0.0366489887238
-0.07 | 0 | 0.0361421108246
-0.1 | 0 | 0.0349900722504
-0.03 | 0 | 0.0363829135895
-0.04 | 0 | 0.0409059524536
0.25 | 1 | 0.0487320423126
0.34 | -1 | 0.0388340950012
0.75 | 0 | 0.0860488414764
1.85 | -1 | 0.0868411064148
1.03 | 0 | 0.0419969558716
0.89 | 0 | 0.0364170074463
1.35 | 0 | 0.0590319633484
0.9 | -1 | 0.0502150058746
0.5 | 0 | 0.0339660644531
1.12 | 0 | 0.0761568546295
0.58 | 0 | 0.0675451755524
0.15 | 0 | 0.03773188591
-0.03 | 0 | 0.0325329303741
-0.03 | 0 | 0.0323960781097
-0.05 | 0 | 0.062793970108
0.25 | 0 | 0.0324599742889
0.26 | 0 | 0.0339910984039
0.36 | 0 | 0.0351219177246
0.54 | 0 | 0.053435087204
0.28 | 0 | 0.0396800041199
0.23 | 0 | 0.0361409187317
0.22 | 0 | 0.0347099304199
0.25 | 0 | 0.0391471385956
0.1 | -1 | 0.0345458984375
0.23 | 0 | 0.0777821540833
0.46 | 1 | 0.0696659088135
0.55 | 0 | 0.0738279819489
0.16 | 0 | 0.0857589244843
0.0 | 0 | 0.0376961231232
0.0 | 0 | 0.064934015274
0.0 | 0 | 0.0851140022278
0.47 | -1 | 0.078822851181
0.06 | 1 | 0.0389080047607
0.02 | -1 | 0.0525560379028
0.02 | 0 | 0.0478930473328
0.01 | 0 | 0.0759019851685
0.3 | 0 | 0.0889101028442
0.31 | 0 | 0.0331408977509
0.98 | 0 | 0.105497121811
1.87 | 0 | 0.0818378925323
1.56 | 0 | 0.0846209526062
0.36 | 0 | 0.0362811088562
0.12 | 0 | 0.0372250080109
0.12 | 0 | 0.0374958515167
0.01 | 0 | 0.0548942089081
0.01 | 0 | 0.03422498703
0.01 | 0 | 0.0502898693085
0.0 | 0 | 0.0804719924927
0.0 | 0 | 0.0417931079865
0.0 | 0 | 0.0368709564209
0.0 | 0 | 0.062707901001
0.56 | 0 | 0.0496191978455
0.46 | 0 | 0.0408458709717
0.46 | 0 | 0.0515010356903
0.34 | -1 | 0.0381920337677
0.34 | 0 | 0.038076877594
1.15 | 0 | 0.103579998016
0.38 | 0 | 0.0646660327911
0.44 | -1 | 0.0641450881958
0.08 | 0 | 0.0385990142822
0.08 | 0 | 0.0378789901733
0.51 | -1 | 0.109036922455
0.81 | -1 | 0.0886960029602
0.18 | -1 | 0.049017906189
0.3 | 0 | 0.0798661708832
0.56 | -1 | 0.0366170406342
1.39 | 0 | 0.0916538238525
0.38 | 0 | 0.0474879741669
0.54 | 0 | 0.0685141086578
0.66 | -1 | 0.0385270118713
1.02 | 0 | 0.05943608284
1.66 | -1 | 0.0851068496704
1.3 | 0 | 0.0828759670258
0.37 | -1 | 0.03533411026
1.29 | 0 | 0.0789620876312
0.68 | -1 | 0.0356199741364
1.03 | 0 | 0.0779027938843
0.34 | 0 | 0.0651400089264
0.46 | -1 | 0.0668380260468
0.45 | 0 | 0.0385100841522
0.27 | 0 | 0.0394239425659
0.24 | 0 | 0.0345129966736
0.07 | -1 | 0.0423390865326
0.07 | 0 | 0.0401358604431
-0.06 | 0 | 0.0470831394196
-0.04 | 0 | 0.103569030762
0.07 | 0 | 0.0368828773499
-0.07 | 0 | 0.0385279655457
-0.06 | 0 | 0.0339381694794
-0.15 | 0 | 0.0348930358887
0.03 | 0 | 0.0351588726044
0.03 | 0 | 0.0360150337219
0.17 | -1 | 0.0362958908081
0.17 | 0 | 0.0381381511688
0.11 | 0 | 0.0404288768768
0.15 | 0 | 0.0568490028381
-0.0 | 0 | 0.035257101059
0.16 | 0 | 0.0371689796448
0.26 | 0 | 0.0373740196228
0.25 | 0 | 0.0355858802795
0.22 | -1 | 0.0575821399689
0.13 | 0 | 0.0345180034637
-0.03 | 0 | 0.0818870067596
0.3 | 0 | 0.0774259567261
0.36 | 0 | 0.035392999649
0.32 | 0 | 0.0361330509186
0.3 | 0 | 0.034411907196
0.22 | 0 | 0.0358710289001
0.15 | -1 | 0.0390889644623
0.14 | 0 | 0.0343470573425
0.63 | 0 | 0.0768949985504
0.73 | 0 | 0.0756759643555
0.22 | -1 | 0.0486650466919
0.08 | 0 | 0.0652899742126
0.23 | 0 | 0.0398709774017
0.46 | 0 | 0.0806479454041
0.17 | -1 | 0.0404560565948
0.15 | 0 | 0.0354089736938
0.14 | 0 | 0.0356070995331
0.31 | 0 | 0.0804378986359
0.02 | 0 | 0.0408229827881
0.01 | 0 | 0.0362501144409
-0.12 | -1 | 0.0350389480591
-0.12 | 0 | 0.0358250141144
-0.65 | 0 | 0.0898048877716
-0.25 | 0 | 0.0530610084534
-0.01 | 0 | 0.035432100296
0.05 | -1 | 0.0354380607605
0.05 | 0 | 0.0365149974823
-0.05 | 0 | 0.0356748104095
-0.09 | 0 | 0.0646631717682
-0.06 | 0 | 0.0364818572998
0.09 | 0 | 0.035413980484
0.1 | 0 | 0.0421390533447
0.26 | -1 | 0.0413870811462
0.47 | 0 | 0.070965051651
0.22 | 0 | 0.0614578723907
0.41 | 0 | 0.0976300239563
0.28 | 0 | 0.0389020442963
0.13 | -1 | 0.0411159992218
0.11 | 0 | 0.0333180427551
0.32 | 0 | 0.0333878993988
0.34 | 0 | 0.0357320308685
1.36 | -1 | 0.0810859203339
0.6 | 0 | 0.0390930175781
0.6 | -1 | 0.0371141433716
1.26 | 0 | 0.0774569511414
0.28 | -1 | 0.0356578826904
0.42 | 0 | 0.0546879768372
0.63 | 0 | 0.0637681484222
1.08 | -1 | 0.0932610034943
0.15 | 0 | 0.0359878540039
-0.02 | 0 | 0.0371069908142
-0.05 | 0 | 0.0896010398865
0.32 | 0 | 0.0380721092224
0.29 | 0 | 0.0353019237518
0.14 | 0 | 0.0359449386597
0.07 | 0 | 0.0407571792603
0.06 | 0 | 0.0352408885956
-0.02 | 0 | 0.0354371070862
-0.02 | 0 | 0.0348379611969
0.33 | 0 | 0.106479883194
0.32 | 0 | 0.0727651119232
0.35 | -1 | 0.0702199935913
0.21 | 0 | 0.0378439426422
0.2 | 0 | 0.035434961319
0.14 | 0 | 0.0857040882111
0.0 | 0 | 0.0350849628448
0.09 | -1 | 0.0355651378632
0.09 | 0 | 0.0347599983215
0.42 | 0 | 0.0689189434052
0.78 | 0 | 0.0811729431152
0.31 | 0 | 0.0359160900116
0.08 | 0 | 0.0366148948669
0.09 | 0 | 0.0424790382385
0.07 | 0 | 0.0336399078369
-0.41 | -1 | 0.0579431056976
-0.22 | 0 | 0.0316550731659
-1.16 | 0 | 0.0776619911194
-1.43 | 0 | 0.074453830719
-1.2 | 0 | 0.0770461559296
-0.31 | 0 | 0.034726858139
-0.28 | 0 | 0.0374529361725
-0.26 | 0 | 0.035224199295
-0.35 | -1 | 0.0359218120575
-0.7 | 0 | 0.0729072093964
0.05 | 0 | 0.0790359973907
0.66 | 0 | 0.0773329734802
0.7 | 0 | 0.0365498065948
0.66 | 0 | 0.0347402095795
1.58 | 0 | 0.0418779850006
4.16 | -1 | 0.0939898490906
3.57 | 0 | 0.0888030529022
0.76 | 0 | 0.0355639457703
0.11 | 0 | 0.0364060401917
-0.41 | 0 | 0.0344541072845
-0.44 | 0 | 0.0370309352875
-1.48 | 0 | 0.0620439052582
-0.73 | 1 | 0.038341999054
-0.99 | 0 | 0.052362203598
-2.05 | 0 | 0.0798108577728
-1.47 | 0 | 0.0562601089478
-0.47 | 1 | 0.0364198684692
-0.13 | 0 | 0.0402801036835
-0.25 | 0 | 0.0790228843689
-2.12 | 0 | 0.094740152359
-0.8 | 0 | 0.0355019569397
-1.13 | 0 | 0.0614800453186
-0.63 | 0 | 0.041839838028
-0.52 | 0 | 0.0349571704865
-0.84 | 0 | 0.0364489555359
-0.8 | 0 | 0.03498005867
-0.58 | 0 | 0.036759853363
-0.54 | 0 | 0.0342020988464
-0.18 | 0 | 0.0390708446503
-0.16 | 0 | 0.0348920822144
0.09 | 0 | 0.0354130268097
0.09 | 0 | 0.0349299907684
0.09 | 0 | 0.0349469184875
0.02 | 0 | 0.0362370014191
0.02 | 0 | 0.0377039909363
-0.01 | 0 | 0.0361461639404
-0.01 | 0 | 0.0360448360443
0.08 | 1 | 0.0398330688477
0.13 | 0 | 0.0636301040649
0.04 | -1 | 0.083263874054
0.79 | 0 | 0.0927460193634
0.52 | 0 | 0.0477139949799
1.07 | 0 | 0.0949959754944
0.38 | 0 | 0.035099029541
0.25 | 0 | 0.0365710258484
0.25 | 0 | 0.0364410877228
-0.02 | 0 | 0.0456788539886
0.01 | 0 | 0.0404710769653
0.01 | 0 | 0.0435469150543
-0.02 | -1 | 0.0361461639404
-0.18 | 0 | 0.0890419483185
0.88 | 0 | 0.0907759666443
1.2 | -1 | 0.076220035553
0.48 | 0 | 0.0367469787598
0.61 | -1 | 0.039167881012
0.57 | 0 | 0.0369901657104
0.84 | 0 | 0.0539870262146
0.85 | 0 | 0.0774857997894
0.28 | -1 | 0.0433490276337
0.28 | 0 | 0.0345010757446
0.26 | 0 | 0.0315070152283
0.74 | 0 | 0.0744159221649
0.47 | 0 | 0.0441341400146
0.37 | 0 | 0.0358958244324
0.38 | 0 | 0.0572910308838
0.22 | 0 | 0.0322060585022
0.23 | 0 | 0.0336859226227
0.22 | 0 | 0.0318241119385
0.35 | 0 | 0.0387790203094
0.31 | 0 | 0.0345480442047
0.36 | 0 | 0.0351548194885
0.38 | 0 | 0.0362720489502
0.33 | 0 | 0.0357320308685
0.34 | 0 | 0.0368840694427
0.43 | 0 | 0.0710678100586
0.55 | -1 | 0.0495760440826
0.7 | 0 | 0.0523960590363
0.45 | -1 | 0.0382280349731
0.78 | 0 | 0.0805819034576
0.36 | 0 | 0.0369410514832
0.87 | -1 | 0.0692179203033
0.95 | 0 | 0.0775911808014
0.47 | -1 | 0.0397570133209
0.79 | 0 | 0.0935759544373
0.24 | 0 | 0.0380420684814
0.84 | 0 | 0.0884258747101
0.26 | -1 | 0.039911031723
0.12 | 0 | 0.037693977356
0.11 | 0 | 0.0347549915314
0.6 | 0 | 0.110322952271
0.2 | -1 | 0.035236120224
0.21 | 0 | 0.0364968776703
0.29 | 0 | 0.06862616539
0.1 | 0 | 0.0807659626007
-0.05 | 0 | 0.0373079776764
-0.11 | 0 | 0.0864939689636
0.06 | -1 | 0.0333330631256
0.06 | 0 | 0.0314099788666
0.1 | 0 | 0.067911863327
0.25 | 0 | 0.0675151348114
0.62 | -1 | 0.0908818244934
0.16 | 0 | 0.0364491939545
0.08 | 0 | 0.0550529956818
0.14 | 0 | 0.0840468406677
0.13 | 0 | 0.035590171814
0.16 | -1 | 0.0388948917389
0.33 | 0 | 0.054573059082
0.22 | 0 | 0.035758972168
0.17 | 0 | 0.0919239521027
0.05 | 0 | 0.113209009171
0.0 | -1 | 0.0436680316925
0.0 | 0 | 0.0382599830627
0.0 | 0 | 0.0323460102081
0.0 | 0 | 0.0656230449677
0.0 | 0 | 0.0332028865814
0.0 | 0 | 0.0348680019379
0.0 | -1 | 0.0334260463715
0.0 | 0 | 0.0323419570923
0.0 | 0 | 0.0736951828003
0.0 | 0 | 0.0493938922882
0.0 | 0 | 0.0385370254517
0.0 | 0 | 0.0330889225006
0.0 | 0 | 0.0342071056366
0.0 | 0 | 0.0970180034637
0.0 | 0 | 0.0410208702087
0.0 | 0 | 0.0342621803284
0.0 | 0 | 0.03466796875
0.0 | 0 | 0.0480318069458
0.0 | -1 | 0.0434691905975
0.0 | 0 | 0.0381498336792
0.0 | 0 | 0.0603361129761
0.0 | 0 | 0.0366868972778
0.0 | -1 | 0.0785269737244
0.0 | 0 | 0.0355010032654
0.0 | -1 | 0.0329670906067
0.0 | 0 | 0.0323851108551
0.0 | 0 | 0.0935649871826
0.0 | 0 | 0.0502319335938
0.0 | 0 | 0.0367269515991
0.0 | 0 | 0.0355639457703
0.0 | -1 | 0.0368940830231
0.0 | 0 | 0.0350630283356
-0.01 | 0 | 0.0403959751129
0.21 | 0 | 0.0918369293213
0.11 | 0 | 0.0514359474182
-0.04 | 0 | 0.0565941333771
-0.01 | 0 | 0.047012090683
-0.01 | 0 | 0.0389828681946
-0.0 | 0 | 0.08651304245
0.12 | 0 | 0.0376958847046
0.24 | 0 | 0.0427122116089
0.2 | 0 | 0.0344669818878
0.27 | 0 | 0.040796995163
0.36 | 0 | 0.0376210212708
0.37 | 0 | 0.0388839244843
0.48 | 0 | 0.0445158481598
0.4 | 0 | 0.0419900417328
0.36 | 0 | 0.0379891395569
0.26 | 0 | 0.0357308387756
0.31 | 0 | 0.0439360141754
0.19 | 0 | 0.0383319854736
0.21 | -1 | 0.0374011993408
0.21 | 0 | 0.0386328697205
0.68 | 0 | 0.10985994339
0.11 | 0 | 0.0863990783691
-0.02 | 0 | 0.0417110919952
0.04 | 0 | 0.0377049446106
0.04 | 0 | 0.0387680530548
0.04 | 0 | 0.0356678962708
0.04 | 0 | 0.0371429920197
0.06 | 0 | 0.0369439125061
0.06 | 0 | 0.0403571128845
0.32 | -1 | 0.035698890686
0.33 | 0 | 0.0374071598053
1.23 | 0 | 0.0721490383148
1.46 | 0 | 0.0688309669495
1.48 | -1 | 0.0669958591461
0.77 | 0 | 0.0349791049957
0.69 | 0 | 0.037563085556
1.49 | 0 | 0.0812449455261
0.21 | 0 | 0.0380239486694
0.17 | 0 | 0.0315680503845
-0.21 | 0 | 0.0330739021301
-0.2 | 0 | 0.031928062439
-0.46 | 0 | 0.0328009128571
-0.45 | 0 | 0.0324201583862
-0.24 | 0 | 0.0403349399567
-0.23 | 0 | 0.0398330688477
0.07 | 0 | 0.0448830127716
-0.74 | 0 | 0.117758989334
-0.37 | -1 | 0.104099988937
-0.05 | 0 | 0.0788898468018
-0.09 | 0 | 0.0376009941101
-0.07 | -1 | 0.0380721092224
-0.06 | 0 | 0.0319690704346
0.06 | 0 | 0.0526938438416
-0.11 | 0 | 0.0703620910645
-0.07 | 0 | 0.0339288711548
-0.07 | 0 | 0.0335540771484
-0.09 | 0 | 0.0337820053101
-0.22 | 0 | 0.0823121070862
0.18 | 0 | 0.0566148757935
0.0 | 0 | 0.0371079444885
0.0 | 0 | 0.0318281650543
0.0 | 0 | 0.0322778224945
-0.12 | -1 | 0.0564000606537
-0.04 | 0 | 0.044536113739
0.2 | 0 | 0.0639398097992
0.29 | 0 | 0.0872011184692
-0.03 | 0 | 0.0361490249634
0.01 | 0 | 0.0429010391235
0.0 | 0 | 0.0356979370117
0.2 | -1 | 0.0499420166016
0.15 | 0 | 0.0367910861969
0.47 | 0 | 0.0973348617554
0.45 | 0 | 0.0927050113678
0.46 | 0 | 0.0951030254364
0.17 | 0 | 0.0355610847473
0.19 | 0 | 0.0390448570251
0.17 | 0 | 0.0360150337219
0.17 | 0 | 0.0358800888062
0.17 | 0 | 0.0357809066772
0.39 | 0 | 0.0814979076385
0.19 | 0 | 0.0382840633392
0.17 | 0 | 0.0348711013794
0.19 | 0 | 0.0385708808899
0.29 | 0 | 0.059112071991
0.17 | 0 | 0.0354290008545
0.19 | 0 | 0.0387480258942
0.18 | 0 | 0.0368709564209
0.33 | 0 | 0.0688979625702
0.19 | 0 | 0.0391359329224
0.17 | 0 | 0.0358030796051
0.18 | 0 | 0.0381789207458
0.17 | 0 | 0.0354220867157
0.21 | 0 | 0.0443050861359
0.24 | 0 | 0.048800945282
0.2 | 0 | 0.0403580665588
0.39 | -1 | 0.0390930175781
0.08 | -4 | 0.0409338474274
0.19 | 0 | 0.0945830345154
0.76 | 0 | 0.0769929885864
0.38 | 0 | 0.0841970443726
-0.14 | 0 | 0.0398969650269
-0.09 | 0 | 0.0358040332794
-0.09 | 0 | 0.0354080200195
0.34 | 0 | 0.0387270450592
0.58 | 0 | 0.0376880168915
1.23 | 0 | 0.0799889564514
1.21 | 0 | 0.0680809020996
0.51 | 0 | 0.0381090641022
1.86 | 0 | 0.0967009067535
1.88 | -1 | 0.0949621200562
0.16 | -1 | 0.0514109134674
0.17 | 0 | 0.0427920818329
0.13 | 0 | 0.0349509716034
-0.17 | -1 | 0.0639939308167
-0.42 | -1 | 0.0533111095428
0.67 | 0 | 0.0835030078888
1.22 | -1 | 0.0940809249878
1.35 | -1 | 0.0800321102142
1.01 | -1 | 0.0729508399963
0.89 | -1 | 0.0713150501251
0.64 | 0 | 0.0350279808044
0.38 | -1 | 0.0818901062012
0.1 | 0 | 0.0822629928589
0.01 | 0 | 0.0351979732513
0.0 | -1 | 0.0567009449005
0.0 | 0 | 0.0357239246368
0.0 | 0 | 0.040381193161
0.0 | 0 | 0.0817677974701
0.0 | -1 | 0.0582392215729
0.06 | 0 | 0.0332689285278
0.07 | 0 | 0.0396640300751
0.76 | -1 | 0.0448989868164
0.68 | -1 | 0.0363299846649
1.59 | 0 | 0.0847339630127
0.85 | 0 | 0.074588060379
1.36 | -1 | 0.0825228691101
0.49 | -1 | 0.0363640785217
0.49 | 0 | 0.03630900383
0.19 | 0 | 0.082967042923
-0.41 | -1 | 0.0998859405518
0.17 | -1 | 0.0339019298553
0.39 | 0 | 0.0809211730957
-0.16 | 0 | 0.0557928085327
-0.23 | 0 | 0.0800521373749
0.51 | -1 | 0.0407419204712
0.84 | 0 | 0.0675630569458
1.12 | -1 | 0.0869770050049
1.0 | -1 | 0.0841100215912
2.65 | 0 | 0.0967710018158
0.44 | -1 | 0.0364580154419
0.12 | -1 | 0.0404419898987
0.04 | -1 | 0.0497379302979
0.03 | 0 | 0.0392200946808
0.01 | 0 | 0.0364418029785
0.02 | 0 | 0.0951721668243
0.0 | -2 | 0.0439438819885
0.33 | 0 | 0.0826890468597
0.11 | -1 | 0.0623090267181
0.01 | 0 | 0.108822107315
0.0 | 0 | 0.0805869102478
0.0 | 0 | 0.0409798622131
0.0 | 0 | 0.0380229949951
0.0 | 0 | 0.0363121032715
0.0 | 0 | 0.0360159873962
0.0 | 0 | 0.0357489585876
0.0 | 0 | 0.0364480018616
0.0 | 0 | 0.036406993866
0.0 | -1 | 0.0396070480347
0.0 | 0 | 0.0367760658264
0.0 | 0 | 0.0867168903351
0.0 | 0 | 0.0725150108337
0.0 | -1 | 0.0628910064697
0.0 | 0 | 0.0336410999298
0.0 | 0 | 0.0684590339661
0.0 | 0 | 0.0709838867188
0.0 | -1 | 0.0397500991821
0.0 | 0 | 0.0379400253296
0.0 | 0 | 0.0327467918396
0.0 | -1 | 0.0379431247711
0.0 | 0 | 0.0361309051514
0.0 | 0 | 0.0844480991364
0.0 | -1 | 0.10389995575
0.0 | -1 | 0.0391480922699
0.0 | 0 | 0.0495820045471
0.0 | 0 | 0.0772109031677
0.0 | -1 | 0.0692250728607
0.0 | 0 | 0.0353260040283
0.0 | 0 | 0.0367238521576
0.0 | 0 | 0.0436601638794
0.0 | -1 | 0.0366430282593
0.0 | 0 | 0.0841748714447
0.0 | -1 | 0.0731151103973
0.0 | 0 | 0.0766129493713
0.0 | -1 | 0.0364909172058
0.0 | -1 | 0.0618159770966
0.0 | -1 | 0.0451900959015
0.0 | -2 | 0.0406799316406
0.0 | 0 | 0.0750651359558
0.0 | -1 | 0.088723897934
0.0 | -3 | 0.0754849910736
0.0 | -2 | 0.057492017746
0.0 | -1 | 0.0965230464935
0.0 | -2 | 0.0364198684692
0.0 | -1 | 0.0345430374146
0.0 | 0 | 0.0611171722412
0.0 | -1 | 0.0754699707031
0.0 | -1 | 0.0773589611053
0.0 | -2 | 0.0993218421936
0.0 | -1 | 0.0836679935455
0.0 | -1 | 0.038232088089
0.0 | -2 | 0.0600929260254
0.0 | -1 | 0.0825750827789
0.0 | -1 | 0.0377371311188
0.0 | -1 | 0.0498478412628
0.0 | 0 | 0.068825006485
0.0 | -2 | 0.0679471492767
0.0 | -1 | 0.0637059211731
0.0 | -3 | 0.0869429111481
1.18 | -1 | 0.0802600383759
2.58 | 0 | 0.0842130184174
3.16 | -2 | 0.122056007385
0.82 | 0 | 0.0841970443726
-0.3 | 0 | 0.0407350063324
-1.24 | 0 | 0.066370010376
-0.65 | 0 | 0.0382668972015
-0.08 | 0 | 0.0437791347504
-0.06 | 0 | 0.0352208614349
0.04 | 0 | 0.0377991199493
0.01 | -1 | 0.0408368110657
0.01 | 0 | 0.0436391830444
0.0 | 0 | 0.0371959209442
0.0 | 0 | 0.0623359680176
0.0 | 0 | 0.101083993912
0.0 | -1 | 0.053426027298
0.0 | -1 | 0.0385661125183
0.0 | 0 | 0.0734310150146
1.24 | -1 | 0.0568537712097
3.49 | -1 | 0.0821161270142
1.35 | -2 | 0.039892911911
1.57 | 0 | 0.0463571548462
1.72 | -2 | 0.0829458236694
1.91 | -1 | 0.0625681877136
2.24 | -1 | 0.107939958572
2.95 | -2 | 0.0787479877472
2.28 | 0 | 0.0636370182037
0.79 | -1 | 0.0655598640442
1.41 | -1 | 0.0508670806885
1.25 | -1 | 0.0852680206299
1.68 | 0 | 0.0861001014709
0.56 | -1 | 0.0568859577179
0.17 | 0 | 0.0880808830261
0.01 | -1 | 0.110764980316
0.0 | 0 | 0.0821030139923
0.0 | -1 | 0.0403599739075
0.0 | 0 | 0.0388081073761
0.0 | 0 | 0.0615339279175
0.0 | -1 | 0.0914750099182
0.0 | -1 | 0.0451459884644
6.29 | -1 | 0.0769150257111
10.75 | -1 | 0.120429992676
0.41 | -2 | 0.0712311267853
0.13 | 0 | 0.0911118984222
0.03 | -1 | 0.0768759250641
0.91 | -1 | 0.0940680503845
3.17 | -1 | 0.105827093124
2.34 | -1 | 0.0866439342499
0.51 | -1 | 0.0830700397491
0.54 | 0 | 0.0882549285889
1.31 | 0 | 0.0442349910736
2.2 | 0 | 0.0741801261902
2.12 | 0 | 0.08455991745
1.69 | 0 | 0.0418379306793
1.59 | 0 | 0.0393309593201
5.48 | 0 | 0.0845050811768
3.16 | 0 | 0.0444450378418
3.06 | -1 | 0.0695390701294
0.12 | 0 | 0.0397148132324
-0.51 | -1 | 0.0983581542969
1.33 | -1 | 0.0543849468231
1.57 | -2 | 0.0849089622498
2.17 | -1 | 0.05060505867
0.75 | -1 | 0.0704119205475
1.86 | 0 | 0.0703420639038
0.81 | -1 | 0.0407350063324
0.9 | -1 | 0.105206012726
1.5 | -1 | 0.0765099525452
1.17 | -1 | 0.0762901306152
0.37 | -1 | 0.0581028461456
1.05 | 0 | 0.0837790966034
0.5 | -1 | 0.0848350524902
-0.53 | 0 | 0.0676658153534
-1.06 | -1 | 0.0856711864471
0.87 | 0 | 0.0798108577728
1.33 | -1 | 0.0843870639801
-0.1 | 0 | 0.0704488754272
-0.95 | 0 | 0.0960431098938
0.66 | 0 | 0.104252099991
0.5 | -1 | 0.0887598991394
0.92 | 0 | 0.0402970314026
2.27 | 0 | 0.100014925003
1.5 | -1 | 0.107626914978
1.96 | 0 | 0.0984680652618
-0.11 | -1 | 0.0440709590912
-1.57 | 0 | 0.11296415329
-0.67 | 0 | 0.0591540336609
-1.39 | 0 | 0.0822458267212
0.32 | 0 | 0.04891705513
0.22 | -1 | 0.0545699596405
0.48 | 0 | 0.117300033569
0.17 | 0 | 0.113476991653
-0.05 | 0 | 0.0884399414062
-0.01 | 0 | 0.0392801761627
-0.37 | 0 | 0.0419578552246
-0.35 | 0 | 0.0401110649109
-0.04 | 0 | 0.0409169197083
0.49 | 0 | 0.0620510578156
0.02 | 0 | 0.0448479652405
0.02 | 0 | 0.0415279865265
-0.06 | 0 | 0.0404939651489
0.06 | 0 | 0.0639641284943
0.13 | 0 | 0.0428800582886
0.12 | 0 | 0.039922952652
0.04 | 0 | 0.0416028499603
0.04 | 0 | 0.0407130718231
0.24 | 0 | 0.0412240028381
0.13 | 0 | 0.0413961410522
0.14 | 0 | 0.0428869724274
0.29 | 0 | 0.0412678718567
-0.0 | 0 | 0.0606501102448
-0.35 | 0 | 0.040699005127
-0.35 | 0 | 0.0402610301971
0.14 | 0 | 0.0432388782501
0.13 | 0 | 0.0396840572357
0.24 | 0 | 0.0625228881836
0.05 | 0 | 0.0408229827881
-0.46 | 0 | 0.0430591106415
-0.43 | 0 | 0.0400030612946
-0.18 | 0 | 0.0414118766785
-0.02 | 0 | 0.0412170886993
-0.05 | 0 | 0.0945749282837
-0.16 | 0 | 0.0464570522308
-0.14 | 0 | 0.040589094162
0.11 | 0 | 0.0393118858337
0.16 | 0 | 0.037486076355
0.16 | 0 | 0.0376439094543
0.92 | 0 | 0.0985391139984
0.45 | 0 | 0.0446708202362
0.61 | 0 | 0.043200969696
0.82 | -1 | 0.0535500049591
1.76 | 0 | 0.114526033401
1.79 | 0 | 0.0890560150146
0.02 | 0 | 0.0978801250458
2.28 | 0 | 0.120213985443
-0.03 | 0 | 0.0440340042114
-0.05 | 0 | 0.0435140132904
-0.04 | 0 | 0.0393998622894
0.27 | 0 | 0.0461239814758
-0.35 | 0 | 0.0409891605377
-0.41 | 0 | 0.0489599704742
-0.04 | 0 | 0.0383260250092
-0.04 | 0 | 0.0350499153137
-0.42 | 0 | 0.0406761169434
-0.33 | 0 | 0.0531799793243
-0.24 | 0 | 0.0458688735962
-0.2 | 0 | 0.0392689704895
-0.1 | 0 | 0.0622460842133
0.38 | 0 | 0.0760428905487
0.46 | 0 | 0.0443160533905
0.12 | 0 | 0.0433130264282
0.23 | 0 | 0.0847330093384
0.23 | -1 | 0.0440559387207
0.28 | 0 | 0.0539331436157
0.66 | 0 | 0.0751929283142
1.24 | 0 | 0.0460789203644
0.91 | -1 | 0.0806391239166
0.25 | 0 | 0.0530638694763
0.33 | 0 | 0.0713140964508
-0.08 | 0 | 0.0495760440826
-0.06 | 0 | 0.0401680469513
-0.8 | 0 | 0.0699219703674
-1.01 | 0 | 0.0882799625397
-0.56 | 1 | 0.0433828830719
-1.23 | 0 | 0.0959651470184
-0.57 | 0 | 0.0748229026794
-0.58 | 0 | 0.0753240585327
-0.06 | 0 | 0.0885770320892
1.47 | 0 | 0.0556650161743
0.61 | 0 | 0.0622189044952
0.78 | 0 | 0.0792589187622
-1.73 | 1 | 0.0849080085754
-0.8 | 0 | 0.0466771125793
-1.58 | 0 | 0.07053399086
-1.88 | 0 | 0.0834579467773
1.18 | 0 | 0.111498117447
0.56 | -1 | 0.0697629451752
0.48 | 0 | 0.0604960918427
1.54 | 0 | 0.079708814621
1.71 | 0 | 0.0886611938477
1.06 | 0 | 0.0425817966461
-0.67 | 0 | 0.0449380874634
-0.29 | 0 | 0.0414431095123
-0.44 | 0 | 0.0617809295654
-0.01 | 0 | 0.0779590606689
0.22 | 0 | 0.048131942749
0.19 | 0 | 0.041955947876
0.2 | 0 | 0.0432629585266
0.19 | 0 | 0.0414321422577
0.1 | 0 | 0.0422987937927
-0.45 | 0 | 0.0454800128937
-0.31 | 0 | 0.0540471076965
-0.27 | 0 | 0.0467419624329
-0.41 | 0 | 0.076630115509
1.46 | -1 | 0.0703179836273
1.39 | 0 | 0.0672299861908
0.84 | 0 | 0.0473308563232
0.42 | -1 | 0.0835220813751
2.2 | 0 | 0.107532978058
-0.25 | 0 | 0.0961380004883
-0.5 | 0 | 0.0552539825439
-0.95 | 0 | 0.104598045349
0.17 | 0 | 0.0647549629211
-0.62 | 0 | 0.080157995224
0.38 | 0 | 0.107015132904
0.39 | 0 | 0.0452418327332
0.25 | 0 | 0.0751140117645
-0.35 | 0 | 0.0824420452118
-0.21 | 0 | 0.0510740280151
-0.08 | 0 | 0.0628640651703
-0.33 | 0 | 0.0448780059814
-0.31 | 0 | 0.0425159931183
-0.38 | 0 | 0.0426819324493
-0.45 | 0 | 0.0430610179901
-0.44 | 0 | 0.0415589809418
0.2 | 0 | 0.0465779304504
1.46 | 0 | 0.105303049088
1.68 | 0 | 0.0872089862823
0.66 | -1 | 0.0980479717255
-0.49 | 1 | 0.0836770534515
-0.39 | 0 | 0.0608489513397
0.12 | -1 | 0.0793759822845
-0.4 | 0 | 0.0909039974213
0.22 | 1 | 0.0795991420746
-0.53 | 0 | 0.0840468406677
1.04 | -1 | 0.0714130401611
0.21 | 0 | 0.0646710395813
0.03 | 0 | 0.102313041687
0.12 | 0 | 0.0845220088959
0.16 | 0 | 0.0423049926758
0.17 | 0 | 0.0445680618286
0.15 | 0 | 0.0446228981018
0.16 | 0 | 0.0441410541534
0.17 | 0 | 0.0459129810333
-0.38 | 0 | 0.0436608791351
-0.68 | 0 | 0.0830800533295
-0.56 | 0 | 0.0385019779205
-0.48 | 0 | 0.0382721424103
-1.11 | 0 | 0.122634887695
0.5 | -1 | 0.0566489696503
0.62 | 0 | 0.0697469711304
1.75 | 0 | 0.104926109314
1.97 | 0 | 0.0964000225067
1.34 | 0 | 0.0485908985138
0.72 | 0 | 0.0453300476074
-0.95 | 0 | 0.108429908752
-5.75 | 1 | 0.108663082123
-2.18 | 1 | 0.0541229248047
-1.77 | 0 | 0.0669121742249
0.14 | 0 | 0.0510149002075
0.23 | 0 | 0.0812799930573
-1.9 | 0 | 0.0884199142456
0.63 | 0 | 0.0748331546783
3.06 | 1 | 0.0808959007263
10.76 | 1 | 0.0977530479431
5.33 | 2 | 0.0899479389191
3.54 | 0 | 0.0597951412201
3.4 | 2 | 0.046856880188
-2.49 | 2 | 0.0569860935211
-5.71 | 4 | 0.0535109043121
-11.22 | 4 | 0.0766739845276
-3.54 | 5 | 0.0957641601562
-5.0 | 10 | 0.0588829517365
-17.37 | 5 | 0.0768120288849
-16.53 | 0 | 0.0731098651886
-17.09 | 9 | 0.0735189914703
-19.62 | 5 | 0.0734851360321
-29.29 | 5 | 0.10235285759
-20.12 | 4 | 0.0806181430817
-29.66 | 9 | 0.0741758346558
-48.58 | 4 | 0.116558074951
-7.29 | 8 | 0.0730109214783
-5.27 | 4 | 0.0915400981903
-5.38 | 4 | 0.0768179893494
-5.71 | 4 | 0.0844011306763
-9.47 | 9 | 0.0881309509277
-7.16 | 0 | 0.0666539669037
-7.43 | 5 | 0.104084968567
-6.78 | 0 | 0.0948779582977
-4.93 | 6 | 0.0811820030212
-3.4 | 3 | 0.0692760944366
-3.49 | 3 | 0.0785200595856
-1.13 | 6 | 0.0692358016968
-0.4 | 3 | 0.0880010128021
-0.37 | 3 | 0.0819799900055
-0.75 | 4 | 0.0800421237946
-0.33 | 0 | 0.0351159572601
-0.41 | 3 | 0.036504983902
-2.87 | 1 | 0.0924921035767
-0.92 | 2 | 0.0876789093018
-0.23 | 3 | 0.085685968399
-0.01 | 5 | 0.0778889656067
-2.55 | 5 | 0.0690031051636
-2.3 | 0 | 0.0623149871826
-1.26 | 2 | 0.0829570293427
-0.41 | 2 | 0.1068110466
-0.02 | 4 | 0.0882759094238
-0.0 | 3 | 0.0452980995178
-0.82 | 2 | 0.0738928318024
-3.41 | 1 | 0.0781819820404
-5.91 | 2 | 0.11638712883
-0.53 | 1 | 0.0417940616608
-0.21 | 0 | 0.066342830658
-0.06 | 1 | 0.0681359767914
-0.01 | 0 | 0.0392291545868
-0.01 | 0 | 0.106882810593
-0.0 | 1 | 0.0422120094299
-0.0 | 1 | 0.0902512073517
0.37 | 1 | 0.0722188949585
0.03 | 1 | 0.0354120731354
-0.34 | 0 | 0.0646238327026
-0.16 | 0 | 0.0354800224304
-0.18 | 0 | 0.0389161109924
-0.33 | -1 | 0.0360150337219
-0.44 | 0 | 0.0472638607025
-0.23 | -1 | 0.0544250011444
-1.63 | -1 | 0.111755132675
-1.03 | -1 | 0.038547039032
-0.94 | 0 | 0.0350728034973
-1.34 | 0 | 0.0628471374512
-1.4 | 1 | 0.0808868408203
-0.21 | 1 | 0.0378122329712
-0.34 | 0 | 0.0624129772186
-0.42 | 1 | 0.0507769584656
-0.05 | 0 | 0.0356650352478
-0.09 | 0 | 0.0701270103455
-0.09 | 1 | 0.0409188270569
0.03 | 0 | 0.0507380962372
0.03 | 0 | 0.0510380268097
0.23 | 0 | 0.0363249778748
0.57 | 0 | 0.0589230060577
0.48 | 0 | 0.0490419864655
0.52 | 0 | 0.0367319583893
0.84 | 0 | 0.0379869937897
0.8 | 0 | 0.0361740589142
1.2 | 0 | 0.0359830856323
1.05 | -1 | 0.0535328388214
0.82 | 0 | 0.0415549278259
1.08 | -1 | 0.0588312149048
1.3 | 0 | 0.036150932312
2.89 | 0 | 0.0804290771484
4.17 | 0 | 0.086238861084
2.24 | 0 | 0.0595669746399
2.02 | 0 | 0.0330331325531
2.09 | 0 | 0.0341749191284
3.23 | 0 | 0.0423541069031
5.15 | 0 | 0.0658469200134
3.85 | 0 | 0.0785419940948
0.14 | 1 | 0.036269903183
0.15 | 0 | 0.0393459796906
-0.42 | 2 | 0.03826212883
-0.43 | 2 | 0.0361800193787
-0.78 | 0 | 0.0652139186859
-1.34 | 2 | 0.095860004425
-1.3 | 2 | 0.127840995789
-0.16 | -1 | 0.0790281295776
2.25 | 1 | 0.044853925705
3.71 | 0 | 0.0741250514984
10.93 | 3 | 0.0837509632111
28.13 | 0 | 0.0995819568634
20.95 | 0 | 0.0741291046143
50.45 | 2 | 0.0959780216217
37.92 | 1 | 0.0769047737122
24.49 | 0 | 0.0531361103058
35.51 | 1 | 0.0816729068756
25.4 | 0 | 0.0624179840088
29.0 | 0 | 0.07634806633
29.65 | 1 | 0.0833110809326
-0.24 | 0 | 0.0889630317688
-0.11 | 0 | 0.0394048690796
1.68 | 0 | 0.0903930664062
-4.81 | 0 | 0.0752248764038
-0.53 | 0 | 0.0458512306213
-5.64 | 0 | 0.0695059299469
-0.81 | 0 | 0.0328979492188
-0.93 | 0 | 0.0377569198608
