0.000000 0.000000 0.000000
0.000000 0.000000 0.043726
0.000000 0.000000 0.083409
0.000000 0.000000 0.111739
0.000000 0.000000 0.091610
0.000000 0.000000 0.070160
0.000000 0.000000 0.081318
0.000000 0.000000 0.082442
0.000000 0.000000 0.070190
0.000000 0.000000 0.092833
0.000000 0.000000 0.089846
0.000000 0.000000 0.075579
0.000000 0.000000 0.077231
0.000000 0.000000 0.064847
0.000000 0.000000 0.076871
0.000000 0.000000 0.078821
0.000000 0.000000 0.085407
0.000000 0.000000 0.094068
0.000000 0.000000 0.090478
0.000000 0.000000 0.099790
0.000000 0.000000 0.059272
0.000000 0.000000 0.076347
0.000000 0.000000 0.041385
0.000000 0.000000 0.105815
0.000000 0.000000 0.081587
0.000000 0.000000 0.081017
0.000000 0.000000 0.072322
0.000000 0.000000 0.044600
0.000000 0.000000 0.075397
0.000000 0.000000 0.049096
0.000000 0.000000 0.066180
0.000000 0.000000 0.074895
0.000000 0.000000 0.062591
0.000000 0.000000 0.061515
0.000000 0.000000 0.065028
0.000000 0.000000 0.064766
0.000000 0.000000 0.055099
0.000000 0.000000 0.080506
0.000000 0.000000 0.092933
0.000000 0.000000 0.076697
0.000000 0.000000 0.071464
0.000000 0.000000 0.076733
0.000000 0.000000 0.079905
0.000000 0.000000 0.072784
0.000000 0.000000 0.079249
0.000000 0.000000 0.077244
0.000000 0.000000 0.070436
0.000000 0.000000 0.063239
0.000000 0.000000 0.083243
0.000000 0.000000 0.075392
0.000000 0.000000 0.062634
0.000000 0.000000 0.062272
0.000000 0.000000 0.062148
0.000000 0.000000 0.070011
0.000000 0.000000 0.061910
0.000000 0.000000 0.061761
0.000000 0.000000 0.071824
0.000000 0.000000 0.082063
0.000000 0.000000 0.076465
0.000000 0.000000 0.068336
0.000000 0.000000 0.089777
0.000000 0.000000 0.076639
0.000000 0.000000 0.048714
0.000000 0.000000 0.083637
0.000000 0.000000 0.062911
0.000000 0.000000 0.083825
0.000000 0.000000 0.059973
0.000000 0.000000 0.043879
0.000000 0.000000 0.074683
0.000000 0.000000 0.153194
0.000000 0.000000 0.076335
0.000000 0.000000 0.067314
0.000000 0.000000 0.049297
0.000000 0.000000 0.051961
0.000000 0.000000 0.074456
0.000000 0.000000 0.062231
0.000000 0.000000 0.073812
0.000000 0.000000 0.086372
0.000000 0.000000 0.070318
0.000000 0.000000 0.080278
0.000000 0.000000 0.081656
0.000000 0.000000 0.052834
0.000000 0.000000 0.045419
0.000000 0.000000 0.045835
0.000000 0.000000 0.049017
0.000000 0.000000 0.051782
0.000000 0.000000 0.053910
0.000000 0.000000 0.075240
0.000000 0.000000 0.072716
0.000000 0.000000 0.051754
0.000000 0.000000 0.074236
0.000000 0.000000 0.063817
0.000000 0.000000 0.073505
0.000000 0.000000 0.075934
0.000000 0.000000 0.072352
0.000000 0.000000 0.063641
0.000000 0.000000 0.080923
0.000000 0.000000 0.064278
0.000000 0.000000 0.068385
0.000000 0.000000 0.068850
0.000000 0.000000 0.078490
0.000000 0.000000 0.059721
0.000000 0.000000 0.070244
0.000000 0.000000 0.058419
0.000000 0.000000 0.069473
0.000000 0.000000 0.076320
0.000000 0.000000 0.080643
0.000000 0.000000 0.066203
0.000000 0.000000 0.069492
0.000000 0.000000 0.075371
0.000000 0.000000 0.052808
0.000000 0.000000 0.083297
0.000000 0.000000 0.064253
0.000000 0.000000 0.085726
0.000000 0.000000 0.061554
0.000000 0.000000 0.045339
0.000000 0.000000 0.083798
0.000000 0.000000 0.068774
0.000000 0.000000 0.094231
0.000000 0.000000 0.082460
0.000000 0.000000 0.091350
0.000000 0.000000 0.092618
0.000000 0.000000 0.086360
0.000000 0.000000 0.097580
0.000000 0.000000 0.095816
0.000000 0.000000 0.069435
0.000000 0.000000 0.094189
0.000000 0.000000 0.081506
0.000000 0.000000 0.091962
0.000000 0.000000 0.074999
0.000000 0.000000 0.080776
0.000000 0.000000 0.081113
0.000000 0.000000 0.080587
0.000000 0.000000 0.099187
0.000000 0.000000 0.047016
0.000000 0.000000 0.069164
0.000000 0.000000 0.101458
0.000000 0.000000 0.079941
0.000000 0.000000 0.075009
0.000000 0.000000 0.075769
0.000000 0.000000 0.063857
0.000000 0.000000 0.063691
0.000000 0.000000 0.081007
0.000000 0.000000 0.080763
0.000000 0.000000 0.064072
0.000000 0.000000 0.086048
0.000000 0.000000 0.071216
0.000000 0.000000 0.058142
0.000000 0.000000 0.077597
0.000000 0.000000 0.068910
0.000000 0.000000 0.064272
0.000000 0.000000 0.063637
0.000000 0.000000 0.059728
0.000000 0.000000 0.072780
0.000000 0.000000 0.070913
0.000000 0.000000 0.071546
0.000000 0.000000 0.063550
0.000000 0.000000 0.082669
0.000000 0.000000 0.063752
0.000000 0.000000 0.094507
0.000000 0.000000 0.069242
0.000000 0.000000 0.082041
0.000000 0.000000 0.095688
0.000000 0.000000 0.087942
0.000000 0.000000 0.073216
0.000000 0.000000 0.065115
0.000000 0.000000 0.086148
0.000000 0.000000 0.075613
0.000000 0.000000 0.071908
0.000000 0.000000 0.061171
0.000000 0.000000 0.080999
0.000000 0.000000 0.064222
0.000000 0.000000 0.059622
0.000000 0.000000 0.089983
0.000000 0.000000 0.081357
0.000000 0.000000 0.059758
0.000000 0.000000 0.075283
0.000000 0.000000 0.079039
0.000000 0.000000 0.071310
0.000000 0.000000 0.058104
0.000000 0.000000 0.052620
0.000000 0.000000 0.069664
0.000000 0.000000 0.075277
0.000000 0.000000 0.080631
0.000000 0.000000 0.086262
0.000000 0.000000 0.090613
0.000000 0.000000 0.092133
0.000000 0.000000 0.070782
0.000000 0.000000 0.075894
0.000000 0.000000 0.082917
0.000000 0.000000 0.075765
0.000000 0.000000 0.073981
0.000000 0.000000 0.065541
0.000000 0.000000 0.084378
0.000000 0.000000 0.047581
0.000000 0.000000 0.058313
0.000000 0.000000 0.060185
0.000000 0.000000 0.058872
0.000000 0.000000 0.059361
0.000000 0.000000 0.064211
0.000000 0.000000 0.070273
0.000000 0.000000 0.081809
0.000000 0.000000 0.067547
0.000000 0.000000 0.062976
0.000000 0.000000 0.048308
0.000000 0.000000 0.065122
0.000000 0.000000 0.047812
0.000000 0.000000 0.065164
0.000000 0.000000 0.062757
0.000000 0.000000 0.063854
0.000000 0.000000 0.053086
0.000000 0.000000 0.052731
0.000000 0.000000 0.047526
0.000000 0.000000 0.064295
0.000000 0.000000 0.058277
0.000000 0.000000 0.058364
0.000000 0.000000 0.052762
0.000000 0.000000 0.041758
0.000000 0.000000 0.042404
0.000000 0.000000 0.059736
0.000000 0.000000 0.047083
0.000000 0.000000 0.042069
0.000000 0.000000 0.041462
0.000000 0.000000 0.053115
0.000000 0.000000 0.041779
0.000000 0.000000 0.041610
0.000000 0.000000 0.042167
0.000000 0.000000 0.047715
0.000000 0.000000 0.041496
