2758.191972 -10.660000 2.328868
0.000000 0.000000 0.053176
0.000000 -0.010000 0.029387
0.000000 0.010000 0.027728
0.042646 0.000000 0.029561
0.298522 -0.010000 0.049555
0.213230 0.190000 0.043260
0.042646 0.120000 0.028665
0.255876 0.590000 0.052682
0.170584 0.190000 0.029064
0.298522 0.390000 0.031955
0.000000 0.230000 0.032095
0.383814 0.570000 0.050043
0.213230 0.340000 0.052733
0.170584 0.490000 0.060672
0.213230 0.540000 0.057949
0.170584 0.430000 0.033874
0.255876 0.950000 0.102375
0.170584 1.600000 0.112380
0.213230 1.250000 0.107825
0.255876 1.640000 0.105568
0.213230 1.560000 0.085621
0.341168 2.110000 0.141272
0.298522 2.030000 0.131349
0.213230 1.920000 0.116694
0.298522 2.060000 0.140269
0.383814 2.750000 0.158465
0.085292 1.240000 0.069327
0.341168 1.500000 0.081055
0.042646 0.730000 0.066700
0.298522 1.660000 0.087822
0.298522 1.410000 0.081925
0.085292 0.730000 0.034165
0.170584 0.950000 0.034088
0.170584 0.780000 0.048316
0.255876 2.560000 0.095915
0.127938 1.560000 0.100796
0.383814 2.770000 0.096878
0.341168 1.720000 0.081051
0.042646 0.790000 0.052531
0.085292 1.010000 0.042636
0.127938 1.720000 0.088405
0.255876 2.820000 0.117220
0.170584 2.730000 0.096495
0.170584 2.120000 0.074564
0.213230 1.680000 0.080672
0.000000 0.000000 0.030426
0.042646 0.910000 0.034373
0.127938 1.160000 0.030930
0.170584 1.730000 0.094426
0.127938 1.890000 0.078849
0.298522 1.880000 0.083428
0.170584 1.830000 0.074704
0.085292 1.070000 0.037855
0.085292 0.870000 0.040558
0.170584 0.970000 0.031293
0.085292 0.940000 0.041223
0.127938 1.250000 0.042688
0.000000 0.990000 0.031805
0.127938 1.040000 0.038287
0.042646 0.970000 0.035374
0.085292 1.010000 0.068597
0.426460 4.170000 0.133351
0.298522 2.890000 0.120019
0.042646 0.860000 0.043487
0.000000 0.950000 0.041203
0.042646 1.300000 0.031552
0.213230 0.940000 0.034489
0.000000 0.000000 0.031476
0.127938 0.870000 0.039341
0.127938 0.870000 0.032332
0.170584 1.240000 0.035719
0.127938 1.100000 0.052824
0.170584 3.230000 0.089273
0.213230 3.510000 0.129917
0.170584 2.540000 0.078853
0.170584 2.080000 0.070363
0.085292 1.050000 0.041385
0.000000 0.000000 0.035901
0.170584 1.050000 0.032969
0.127938 1.320000 0.038645
0.170584 2.360000 0.051327
0.085292 0.600000 0.038320
0.085292 2.530000 0.098667
0.298522 3.510000 0.111688
0.383814 3.900000 0.109908
0.085292 1.230000 0.060921
0.042646 1.520000 0.031440
0.170584 1.210000 0.034661
0.085292 1.190000 0.032843
0.000000 0.000000 0.033517
0.042646 1.200000 0.034465
0.085292 1.210000 0.031596
0.085292 1.500000 0.031931
0.127938 1.190000 0.058483
0.170584 3.880000 0.112070
0.298522 3.740000 0.101500
0.042646 1.210000 0.037175
0.000000 0.000000 0.031877
0.085292 1.550000 0.037191
0.170584 1.290000 0.033093
0.000000 1.270000 0.036364
0.085292 1.310000 0.032999
0.042646 1.550000 0.038055
0.042646 1.190000 0.038483
0.085292 1.140000 0.032115
0.042646 1.170000 0.038860
0.000000 0.000000 0.033797
0.085292 1.160000 0.033241
0.042646 1.510000 0.038493
0.000000 1.220000 0.029435
0.255876 1.160000 0.032400
0.127938 2.700000 0.097281
0.170584 2.460000 0.088614
0.383814 6.650000 0.167989
0.085292 1.240000 0.075307
0.000000 1.550000 0.032244
0.085292 1.220000 0.035222
0.042646 1.240000 0.035449
0.085292 1.300000 0.031491
0.000000 1.360000 0.034381
0.085292 1.710000 0.059562
0.511753 6.640000 0.180730
0.042646 1.310000 0.067833
0.298522 4.310000 0.092883
0.085292 1.370000 0.063436
0.341168 2.630000 0.050447
0.127938 1.570000 0.043864
0.000000 0.000000 0.033900
0.127938 1.310000 0.033100
0.255876 4.460000 0.092665
0.298522 2.640000 0.114640
0.383814 5.390000 0.124992
0.255876 2.550000 0.093893
0.042646 1.550000 0.036604
0.000000 0.610000 0.031928
0.000000 0.000000 0.031535
0.213230 1.240000 0.032356
0.170584 2.690000 0.069468
0.213230 3.170000 0.083105
0.255876 2.610000 0.089012
0.298522 3.050000 0.085335
0.127938 2.600000 0.068796
0.341168 5.510000 0.154643
0.426460 4.050000 0.118034
0.085292 2.470000 0.068657
0.127938 2.950000 0.110783
0.341168 3.830000 0.109613
0.213230 2.900000 0.069212
0.127938 1.290000 0.042571
0.085292 1.320000 0.031243
0.170584 1.350000 0.030650
0.298522 1.690000 0.039797
0.000000 0.000000 0.036414
0.341168 3.820000 0.087642
0.341168 5.980000 0.177491
0.298522 2.850000 0.078254
0.170584 4.280000 0.104274
0.085292 3.130000 0.096701
0.127938 2.940000 0.079400
0.085292 3.110000 0.088936
0.170584 4.100000 0.111451
0.255876 4.780000 0.134549
0.255876 6.110000 0.130546
0.170584 2.800000 0.079241
0.042646 1.490000 0.035490
0.000000 0.000000 0.033119
0.127938 3.320000 0.070055
0.426460 4.930000 0.109014
0.085292 2.960000 0.082705
0.170584 4.780000 0.115563
0.255876 2.970000 0.087833
0.042646 3.330000 0.084964
0.213230 2.950000 0.086376
0.213230 3.030000 0.079203
0.127938 3.310000 0.087669
0.042646 1.380000 0.031521
0.085292 1.440000 0.033079
0.085292 1.860000 0.032156
0.085292 1.500000 0.033798
0.042646 1.480000 0.033129
0.000000 0.000000 0.031718
0.170584 2.940000 0.074035
0.085292 3.420000 0.089566
0.170584 3.030000 0.074234
0.298522 7.810000 0.169203
0.255876 6.370000 0.166999
0.085292 3.210000 0.087156
0.085292 2.980000 0.065739
0.255876 5.060000 0.127406
0.085292 4.790000 0.138857
0.341168 4.670000 0.121200
0.085292 3.390000 0.074042
0.042646 1.590000 0.041719
0.127938 1.660000 0.032065
0.127938 1.660000 0.047926
0.170584 3.420000 0.084518
0.383814 6.180000 0.154599
0.255876 3.040000 0.069567
0.085292 1.500000 0.066985
0.000000 3.260000 0.041952
0.000000 0.000000 0.032616
0.213230 1.460000 0.035961
0.383814 3.010000 0.082619
0.170584 3.490000 0.071322
0.170584 2.860000 0.079446
0.298522 4.850000 0.098268
0.298522 3.190000 0.082078
0.000000 1.940000 0.042322
0.042646 1.510000 0.067601
0.085292 1.510000 0.031268
0.170584 3.530000 0.065789
0.127938 1.610000 0.061705
0.127938 4.700000 0.089131
0.085292 2.050000 0.074156
0.042646 1.620000 0.031268
0.127938 1.630000 0.036756
0.042646 1.600000 0.039169
0.085292 1.900000 0.038519
0.085292 1.530000 0.035587
0.000000 1.600000 0.039869
0.085292 1.650000 0.053811
0.469106 11.720000 0.273505
1.236735 24.130000 0.545154
0.085292 1.620000 0.035552
0.000000 0.000000 0.034666
0.042646 1.630000 0.031632
0.213230 2.050000 0.034165
0.127938 1.580000 0.032901
0.000000 1.590000 0.033653
0.085292 1.570000 0.035942
0.000000 0.000000 0.032409
0.127938 3.580000 0.068714
0.383814 4.730000 0.121531
0.127938 3.540000 0.061421
0.127938 4.630000 0.123336
0.213230 3.660000 0.075442
0.042646 1.640000 0.058036
0.000000 1.610000 0.031030
0.127938 3.520000 0.077256
0.042646 3.060000 0.071917
0.170584 3.320000 0.081261
0.170584 3.030000 0.091725
0.085292 1.480000 0.034675
0.085292 1.890000 0.043311
0.042646 1.520000 0.035845
0.000000 1.550000 0.033099
0.085292 1.570000 0.037735
0.000000 0.000000 0.033579
0.170584 3.570000 0.044393
0.085292 1.610000 0.048867
0.085292 1.640000 0.064849
0.127938 3.660000 0.059726
0.170584 3.060000 0.096289
0.085292 3.560000 0.068646
0.042646 3.320000 0.061592
0.000000 0.000000 0.038588
0.085292 1.660000 0.034816
0.127938 1.680000 0.027987
0.085292 2.020000 0.034677
0.085292 1.540000 0.033107
0.042646 1.500000 0.033976
0.085292 1.460000 0.055229
0.127938 2.670000 0.094531
0.170584 4.820000 0.088646
0.085292 2.000000 0.054601
0.000000 1.590000 0.034332
0.170584 1.600000 0.035570
0.127938 1.590000 0.033911
0.000000 0.000000 0.032368
0.042646 1.580000 0.032633
0.127938 3.550000 0.069590
0.255876 3.170000 0.099708
0.127938 3.520000 0.066042
0.597045 7.400000 0.177713
0.170584 2.330000 0.068949
0.213230 3.590000 0.062777
0.170584 3.230000 0.094659
0.213230 3.490000 0.090992
0.383814 6.940000 0.135638
0.085292 2.090000 0.040614
0.085292 1.600000 0.035685
0.127938 1.570000 0.033430
0.000000 0.000000 0.032346
0.383814 6.880000 0.133372
0.213230 5.170000 0.123486
0.127938 3.120000 0.074480
0.085292 3.190000 0.076819
0.000000 0.000000 0.033291
0.042646 2.080000 0.032252
0.213230 3.170000 0.074076
0.085292 3.560000 0.092608
0.426460 4.950000 0.101495
0.127938 1.690000 0.042481
0.042646 2.030000 0.043194
0.042646 1.580000 0.032200
0.383814 8.830000 0.217730
0.170584 3.100000 0.068849
0.341168 3.360000 0.069982
0.170584 0.130000 0.064328
0.554399 -3.230000 0.278217
0.213230 -0.410000 0.105077
0.469106 -0.760000 0.108552
0.383814 -0.950000 0.093518
0.298522 -1.020000 0.067476
0.127938 -0.920000 0.102491
0.298522 -1.730000 0.100355
0.213230 -0.890000 0.073018
0.127938 -0.480000 0.042617
0.000000 0.000000 0.031773
0.042646 -0.400000 0.031899
0.042646 -0.490000 0.034410
0.042646 -0.520000 0.033386
0.042646 -0.720000 0.033752
0.170584 -1.230000 0.074598
0.170584 -1.140000 0.094833
0.469106 -1.850000 0.113773
0.213230 -1.400000 0.076394
0.085292 -0.630000 0.035065
0.042646 -0.680000 0.035646
0.000000 0.000000 0.032453
0.213230 -1.450000 0.066749
0.255876 -2.080000 0.111749
0.170584 -1.330000 0.105609
0.085292 -1.200000 0.073926
0.213230 -2.030000 0.125557
0.042646 -0.720000 0.030923
0.042646 -0.710000 0.035832
0.170584 -2.500000 0.123086
0.213230 -2.070000 0.117271
0.213230 -2.180000 0.112776
0.000000 -0.650000 0.060632
0.255876 -2.480000 0.101902
0.042646 -0.810000 0.032765
0.127938 -0.790000 0.032576
0.085292 -0.870000 0.042161
0.042646 -0.730000 0.033497
0.511753 -2.790000 0.123389
0.341168 -2.750000 0.143771
0.298522 -2.070000 0.081590
0.170584 -1.990000 0.079001
0.127938 -2.220000 0.052378
0.042646 -0.910000 0.066143
0.255876 -1.780000 0.080394
0.085292 -2.240000 0.083028
0.042646 -3.180000 0.091286
0.085292 -2.320000 0.089897
0.127938 -1.020000 0.045349
0.085292 -0.990000 0.034507
0.127938 -1.040000 0.065309
0.213230 -3.370000 0.084347
0.170584 -2.260000 0.102149
0.298522 -1.850000 0.081983
0.127938 -1.860000 0.081449
0.085292 -1.290000 0.030453
0.085292 -1.040000 0.031932
0.042646 -1.060000 0.035282
0.127938 -2.110000 0.076119
0.127938 -1.540000 0.112203
0.426460 -3.020000 0.102091
0.255876 -3.020000 0.106226
0.000000 0.000000 0.035511
0.127938 -1.230000 0.034031
0.085292 -1.010000 0.032232
0.085292 -1.090000 0.033767
0.170584 -2.140000 0.067921
0.042646 -1.330000 0.070225
0.127938 -2.120000 0.069877
0.127938 -1.510000 0.070357
0.042646 -1.230000 0.033044
0.085292 -0.960000 0.032952
0.000000 0.000000 0.029834
0.085292 -1.030000 0.033674
0.042646 -1.040000 0.042244
0.042646 -1.370000 0.031438
0.042646 -1.660000 0.032891
0.000000 -1.140000 0.037917
0.085292 -1.200000 0.033183
0.085292 -0.590000 0.070171
0.170584 -3.670000 0.092343
0.127938 -2.550000 0.111846
0.127938 -2.340000 0.065596
0.085292 -2.350000 0.074143
0.085292 -2.540000 0.088177
0.042646 -1.110000 0.033250
0.170584 -2.650000 0.093378
0.127938 -2.380000 0.085212
0.042646 -2.370000 0.059668
0.127938 -2.510000 0.071029
0.127938 -2.150000 0.090832
0.042646 -1.380000 0.043395
0.127938 -1.110000 0.032961
3.113161 -1.090000 0.038069
4.989587 -1.100000 0.032148
0.000000 0.000000 0.034580
3.411684 -0.490000 0.032592
5.202817 -0.140000 0.032932
9.552714 -0.070000 0.072807
11.258556 -0.140000 0.096829
9.765944 -0.140000 0.062345
10.107112 -0.140000 0.065807
2.771993 -0.050000 0.037725
2.473471 -0.050000 0.034782
4.520481 -0.070000 0.037947
5.160171 -0.080000 0.033658
5.160171 -0.070000 0.036214
5.117525 -0.110000 0.039067
4.691065 -0.110000 0.035316
4.819003 -0.070000 0.033710
9.851236 -0.200000 0.086884
10.320343 -0.170000 0.090847
15.267284 -0.280000 0.124003
10.277697 -0.210000 0.050040
0.000000 0.000000 0.032636
4.819003 -0.090000 0.033448
5.501340 -0.120000 0.034795
9.979174 -0.180000 0.061651
10.661511 -0.080000 0.094820
15.096700 -0.180000 0.107369
9.808590 -0.080000 0.079971
15.267284 -0.140000 0.127774
5.501340 -0.040000 0.039241
4.520481 -0.050000 0.031340
0.000000 0.000000 0.035304
0.000000 0.000000 0.034646
15.565806 -0.140000 0.102395
15.096700 -0.150000 0.106525
15.736390 -0.190000 0.141301
5.373402 -0.030000 0.042960
5.032233 -0.050000 0.035200
5.671924 -0.080000 0.037534
5.330756 -0.060000 0.046850
5.202817 -0.070000 0.031033
5.160171 -0.100000 0.038417
5.373402 -0.130000 0.043334
5.160171 -0.140000 0.037492
5.416048 -0.190000 0.034404
10.704157 -0.350000 0.074639
10.704157 -0.320000 0.109948
10.576219 -0.170000 0.074626
3.070515 0.520000 0.101994
0.298522 0.540000 0.056634
0.682337 1.660000 0.052518
0.000000 0.000000 0.032828
0.341168 0.720000 0.033757
13.732026 1.200000 0.100144
8.230687 0.070000 0.105227
9.936528 0.090000 0.082918
8.529209 0.020000 0.059009
12.793813 0.060000 0.120102
3.880790 0.020000 0.052793
4.776357 0.000000 0.034644
8.742439 0.030000 0.082133
12.751167 0.020000 0.115401
8.486563 0.000000 0.087218
17.271648 0.010000 0.142651
9.254192 0.030000 0.087164
4.776357 0.010000 0.053098
4.221958 0.000000 0.030757
6.780721 0.020000 0.090473
16.034913 0.230000 0.090129
9.552714 -0.010000 0.076521
4.776357 0.040000 0.046286
0.000000 0.000000 0.030644
4.179312 0.020000 0.032161
4.179312 0.010000 0.035073
4.861649 0.040000 0.033329
9.424776 0.010000 0.083065
13.390858 0.020000 0.111173
9.168899 0.030000 0.068261
0.000000 0.000000 0.035665
13.945256 0.020000 0.099365
13.987902 0.040000 0.113881
13.561442 0.020000 0.116084
9.723298 0.040000 0.102287
5.970446 0.020000 0.086446
16.162851 0.460000 0.124772
15.480514 0.040000 0.113676
13.177628 0.000000 0.103995
10.021820 0.010000 0.093641
9.595360 0.010000 0.086806
14.627593 0.050000 0.107311
19.489242 0.040000 0.146370
4.520481 0.020000 0.063105
9.893882 0.010000 0.055517
5.032233 0.030000 0.033133
0.000000 0.000000 0.034160
5.586632 0.030000 0.035198
2.345532 -0.010000 0.033409
4.520481 0.000000 0.033203
5.117525 0.000000 0.056743
15.267284 0.090000 0.092223
9.467422 0.040000 0.093729
5.330756 0.010000 0.054391
4.819003 0.020000 0.032803
4.946941 0.020000 0.035063
5.160171 0.020000 0.035218
4.904295 0.010000 0.032873
5.074879 0.000000 0.035977
5.160171 0.030000 0.033303
0.000000 0.000000 0.033746
5.032233 0.040000 0.033567
7.249828 0.020000 0.061485
10.320343 0.170000 0.093353
11.940892 0.350000 0.086104
9.595360 -0.030000 0.065240
4.946941 0.050000 0.051316
4.691065 0.050000 0.034007
4.776357 -0.020000 0.032373
4.819003 0.030000 0.034838
5.714570 -0.010000 0.035018
5.160171 0.010000 0.039508
4.520481 0.010000 0.039617
5.160171 0.020000 0.077883
5.245463 0.000000 0.037033
10.064466 0.040000 0.072901
25.289104 0.070000 0.199156
15.608452 0.030000 0.102300
0.000000 0.000000 0.028507
5.160171 0.010000 0.034119
5.288109 0.020000 0.033025
15.181992 0.060000 0.106665
10.960033 0.020000 0.071194
15.480514 0.070000 0.135129
5.245463 0.010000 0.056189
5.288109 0.010000 0.032793
15.992267 0.070000 0.127196
5.416048 0.020000 0.030820
5.202817 0.020000 0.033135
27.080238 0.100000 0.184423
4.691065 0.020000 0.075802
10.789449 0.050000 0.063170
4.819003 0.010000 0.037199
5.501340 0.010000 0.034640
5.373402 0.010000 0.032659
4.563127 0.050000 0.033835
0.000000 0.000000 0.032938
5.757216 0.010000 0.034529
4.946941 0.010000 0.033994
5.032233 0.020000 0.032655
5.543986 0.010000 0.035205
5.245463 0.030000 0.055353
10.362989 0.020000 0.059624
10.405635 0.010000 0.082341
21.920067 0.050000 0.174678
10.021820 0.020000 0.061322
6.226322 0.000000 0.051562
5.032233 0.010000 0.034874
5.032233 0.010000 0.049785
5.970446 0.000000 0.033087
4.605773 0.020000 0.039404
16.461373 0.030000 0.132705
16.418727 0.020000 0.111255
15.693744 0.040000 0.124399
11.770308 0.010000 0.070327
4.904295 0.030000 0.049516
5.757216 0.000000 0.034958
5.202817 0.010000 0.035492
4.946941 0.000000 0.035888
6.439553 0.000000 0.034158
0.000000 0.000000 0.036098
5.330756 0.020000 0.035710
11.087971 -0.010000 0.061967
4.946941 0.040000 0.047967
11.471786 0.050000 0.093987
16.631957 0.020000 0.094714
5.117525 0.000000 0.056445
5.927800 0.010000 0.040376
5.160171 0.010000 0.033604
4.477835 0.020000 0.035960
6.695429 -0.010000 0.032666
5.330756 0.020000 0.034161
0.000000 0.000000 0.034654
5.074879 0.010000 0.032791
6.098384 0.010000 0.033148
4.691065 0.020000 0.033173
5.629278 -0.010000 0.055299
5.799862 0.020000 0.029739
5.032233 -0.010000 0.036440
6.013092 0.000000 0.032874
5.373402 0.010000 0.061760
15.608452 0.040000 0.089277
6.141030 0.000000 0.070859
6.141030 0.050000 0.033174
5.117525 0.020000 0.039727
6.013092 0.010000 0.033324
5.799862 -0.010000 0.041673
4.477835 0.040000 0.035800
6.013092 -0.010000 0.037099
17.484878 0.010000 0.104768
16.504019 0.020000 0.158151
16.631957 0.040000 0.118595
16.717249 0.020000 0.103409
5.416048 0.020000 0.042094
6.141030 0.010000 0.032522
4.819003 0.020000 0.038870
2.047010 0.020000 0.060367
9.467422 0.000000 0.081479
11.471786 0.000000 0.107357
8.401271 0.000000 0.058048
0.000000 0.000000 0.032148
3.454330 -0.010000 0.034279
4.094020 0.000000 0.033099
3.752852 0.000000 0.032596
3.667560 -0.010000 0.033251
4.563127 -0.010000 0.034769
3.624914 -0.010000 0.062202
3.710206 -0.010000 0.029098
8.017456 -0.010000 0.079150
8.188040 -0.010000 0.089669
12.239415 0.010000 0.107410
4.136666 -0.010000 0.067221
3.923436 -0.010000 0.035910
4.520481 0.000000 0.031658
4.221958 0.000000 0.031876
3.880790 0.000000 0.033590
0.000000 0.000000 0.032225
3.880790 0.000000 0.032435
8.614501 -0.030000 0.073792
12.879105 -0.010000 0.129442
8.102748 0.000000 0.069472
12.665875 -0.030000 0.121295
4.179312 0.000000 0.051766
4.307250 -0.010000 0.032059
8.188040 -0.010000 0.068191
4.520481 0.000000 0.034019
4.520481 0.010000 0.032883
0.000000 0.000000 0.032919
4.307250 0.000000 0.032952
4.264604 0.000000 0.042098
4.605773 -0.010000 0.045842
8.486563 0.000000 0.044782
0.000000 0.000000 0.033039
4.392543 -0.020000 0.033132
9.467422 -0.020000 0.091615
17.058418 0.010000 0.134107
9.424776 0.020000 0.067391
0.000000 0.000000 0.030990
4.051374 0.000000 0.034440
4.435189 -0.030000 0.032424
4.520481 0.000000 0.032757
4.392543 -0.010000 0.032955
0.000000 0.000000 0.033225
4.605773 -0.010000 0.033150
4.733711 0.000000 0.033595
8.913023 0.000000 0.063986
9.296838 -0.020000 0.080164
8.827731 -0.010000 0.096014
4.904295 0.000000 0.045496
4.435189 0.000000 0.031197
4.349897 -0.010000 0.032739
4.563127 0.000000 0.032712
5.032233 0.000000 0.033998
0.000000 0.000000 0.032302
4.648419 -0.020000 0.032956
4.477835 0.010000 0.032659
2.260240 -0.010000 0.033308
4.605773 0.000000 0.039655
4.221958 -0.020000 0.064521
12.537937 0.020000 0.052337
6.652783 -0.030000 0.079217
4.733711 -0.010000 0.048593
4.392543 0.010000 0.042620
4.904295 0.010000 0.044162
4.733711 0.000000 0.034517
4.221958 0.000000 0.034856
5.032233 -0.010000 0.032319
0.000000 0.000000 0.034279
4.819003 0.000000 0.033150
4.819003 0.010000 0.033282
4.776357 0.000000 0.053556
14.371717 0.030000 0.082471
4.776357 -0.010000 0.046018
5.288109 -0.010000 0.037099
0.000000 0.000000 0.033666
5.032233 0.000000 0.034672
4.563127 -0.020000 0.035986
4.648419 -0.020000 0.033747
4.776357 0.020000 0.049682
4.435189 -0.010000 0.028663
5.245463 0.000000 0.047398
5.202817 -0.020000 0.034160
4.136666 0.010000 0.040352
4.904295 -0.020000 0.033288
4.861649 0.010000 0.036132
4.051374 0.000000 0.037280
10.021820 -0.010000 0.072625
4.733711 -0.010000 0.056102
10.021820 -0.020000 0.071579
4.648419 -0.010000 0.058348
10.107112 0.010000 0.072501
4.989587 -0.010000 0.035913
4.648419 -0.010000 0.033967
5.160171 0.010000 0.032151
5.074879 0.000000 0.043803
0.000000 0.000000 0.032227
4.861649 0.020000 0.032659
9.680652 -0.010000 0.079677
9.851236 -0.020000 0.052808
5.330756 0.000000 0.068456
9.424776 -0.020000 0.065751
4.733711 -0.010000 0.054899
4.733711 -0.010000 0.041454
5.416048 -0.010000 0.036246
4.477835 0.010000 0.036155
4.776357 -0.020000 0.034469
5.160171 0.000000 0.037937
4.861649 0.000000 0.032759
4.861649 -0.010000 0.033610
0.000000 0.000000 0.033013
5.202817 0.020000 0.035627
4.946941 0.000000 0.037547
5.032233 0.000000 0.035441
10.064466 -0.010000 0.080992
9.893882 0.020000 0.052935
9.979174 0.000000 0.081920
10.490927 -0.010000 0.081622
9.851236 0.020000 0.082042
5.288109 -0.010000 0.034102
0.000000 0.000000 0.033966
5.032233 0.010000 0.033217
4.605773 -0.010000 0.028240
5.543986 -0.010000 0.033358
4.861649 0.020000 0.032689
0.000000 0.000000 0.033882
4.989587 0.000000 0.033412
9.893882 0.050000 0.084732
10.789449 0.020000 0.066689
7.335120 -0.010000 0.072799
1.407319 -0.650000 0.066853
0.852921 -0.550000 0.046527
0.170584 -0.940000 0.044927
5.416048 -0.700000 0.033442
0.000000 0.000000 0.033506
3.241099 -0.860000 0.035496
2.686701 -0.160000 0.034397
4.776357 -0.200000 0.035123
4.776357 -0.040000 0.032295
5.330756 -0.150000 0.034003
6.055738 -0.080000 0.033362
0.000000 0.000000 0.032841
4.691065 -0.200000 0.034160
4.477835 -0.080000 0.033707
4.563127 -0.060000 0.054702
9.211546 -0.170000 0.073208
9.083607 -0.080000 0.062916
9.296838 -0.120000 0.092145
13.732026 -0.080000 0.112292
4.648419 -0.060000 0.038661
5.074879 -0.030000 0.031987
4.392543 -0.030000 0.037409
4.605773 -0.060000 0.039082
0.000000 0.000000 0.033620
0.000000 0.000000 0.035459
4.819003 -0.040000 0.033645
5.032233 -0.030000 0.033701
4.648419 -0.040000 0.032992
4.946941 -0.040000 0.037091
4.605773 -0.030000 0.050129
9.296838 -0.070000 0.084603
9.765944 -0.050000 0.063457
4.520481 -0.040000 0.049067
4.691065 -0.020000 0.032759
4.477835 -0.020000 0.032576
5.074879 -0.020000 0.034691
0.000000 0.000000 0.032464
4.861649 -0.040000 0.033341
4.733711 -0.030000 0.033030
4.861649 -0.030000 0.035092
5.074879 -0.040000 0.034834
4.563127 -0.030000 0.044608
4.776357 -0.040000 0.037941
4.904295 -0.040000 0.034692
4.605773 -0.040000 0.037364
4.861649 -0.050000 0.048635
9.979174 -0.100000 0.094593
14.627593 -0.160000 0.099066
4.179312 -0.080000 0.057850
10.448281 -0.090000 0.091820
5.160171 -0.030000 0.032820
4.861649 -0.070000 0.036290
5.074879 -0.050000 0.038567
4.819003 -0.040000 0.032998
4.861649 -0.030000 0.032742
5.416048 -0.050000 0.032742
5.032233 -0.050000 0.059981
10.021820 -0.080000 0.070753
9.936528 -0.080000 0.096895
20.128933 -0.160000 0.130790
9.851236 -0.070000 0.080199
19.446596 -0.170000 0.163831
5.416048 -0.040000 0.055878
4.904295 -0.040000 0.036852
4.819003 -0.030000 0.036421
4.946941 -0.040000 0.033092
4.776357 -0.010000 0.033440
0.000000 0.000000 0.032706
10.192405 -0.060000 0.067799
9.723298 -0.050000 0.089232
15.181992 -0.090000 0.102961
4.946941 -0.030000 0.046991
5.330756 -0.040000 0.038852
5.117525 -0.030000 0.033259
5.245463 -0.040000 0.031797
0.000000 0.000000 0.033419
5.202817 -0.030000 0.033239
4.861649 -0.030000 0.031092
5.629278 -0.040000 0.032737
4.179312 -0.020000 0.033581
0.000000 0.000000 0.031056
4.563127 -0.090000 0.036340
5.671924 -0.070000 0.030970
5.501340 -0.020000 0.041139
4.733711 -0.030000 0.034089
5.160171 -0.050000 0.039411
4.946941 -0.040000 0.040715
15.139346 -0.100000 0.133366
15.096700 -0.100000 0.085704
13.007043 -0.080000 0.155585
10.320343 -0.090000 0.072063
10.661511 -0.050000 0.054071
5.330756 -0.040000 0.041096
5.501340 -0.040000 0.042068
20.853916 -0.120000 0.157541
10.448281 -0.080000 0.109545
10.277697 -0.070000 0.053349
0.000000 0.000000 0.032905
15.906974 -0.090000 0.096854
4.819003 -0.030000 0.050001
5.373402 -0.050000 0.027955
10.235051 -0.110000 0.071199
10.874741 -0.150000 0.087117
10.490927 -0.150000 0.079923
5.629278 -0.080000 0.066201
4.691065 -0.110000 0.049573
0.000000 0.000000 0.029002
1.663196 0.480000 0.034627
1.066151 0.650000 0.036673
0.170584 1.020000 0.035542
0.767629 1.180000 0.033799
0.511753 1.070000 0.033526
4.946941 0.960000 0.033269
0.000000 0.000000 0.033712
7.079243 1.330000 0.048728
9.339484 0.480000 0.075060
10.107112 0.310000 0.095300
9.083607 0.200000 0.070858
8.870377 0.110000 0.089727
4.392543 0.150000 0.048043
5.032233 0.110000 0.032043
4.520481 0.080000 0.040286
4.648419 0.080000 0.033208
5.074879 0.030000 0.033832
4.349897 0.030000 0.038216
4.349897 0.050000 0.072231
9.936528 0.210000 0.075595
13.433504 0.120000 0.110740
14.414363 0.080000 0.123900
4.691065 0.040000 0.035593
4.307250 0.020000 0.029812
4.989587 0.020000 0.036467
4.563127 0.050000 0.043934
4.349897 0.020000 0.035854
5.245463 0.020000 0.033288
0.000000 0.000000 0.033323
4.221958 0.040000 0.033328
4.435189 0.020000 0.036098
4.904295 0.010000 0.034003
9.168899 0.050000 0.066299
9.382130 0.050000 0.077771
9.126253 0.040000 0.079211
4.861649 0.000000 0.063544
4.861649 0.040000 0.051188
4.605773 0.030000 0.033163
4.435189 0.040000 0.037923
4.179312 0.020000 0.035196
5.117525 0.030000 0.034194
4.477835 0.010000 0.033580
5.074879 0.050000 0.034636
4.861649 0.050000 0.038929
4.094020 0.030000 0.067913
9.339484 0.040000 0.085787
9.638006 0.020000 0.067576
9.168899 0.050000 0.066064
5.032233 0.020000 0.030207
0.000000 0.000000 0.034040
4.733711 0.020000 0.034745
4.904295 0.020000 0.029269
4.563127 0.010000 0.034671
9.979174 0.050000 0.080891
9.126253 0.050000 0.099192
10.021820 0.050000 0.075483
9.510068 0.020000 0.067184
9.467422 0.030000 0.085269
5.416048 0.000000 0.044119
3.283745 0.030000 0.045492
1.023505 0.020000 0.033568
1.279381 -0.300000 0.034384
0.682337 -0.610000 0.038287
0.639691 -0.640000 0.039351
2.814639 -0.390000 0.032857
3.411684 -0.440000 0.034862
2.686701 -0.090000 0.057814
17.826046 0.030000 0.141898
7.463058 0.000000 0.078041
25.843503 -0.050000 0.267326
8.443917 -0.030000 0.056107
4.563127 0.000000 0.062982
7.846872 -0.030000 0.131933
0.042646 0.050000 0.082693
0.170584 0.010000 0.063242
6.183676 0.020000 0.074448
8.188040 0.010000 0.085465
3.326391 0.030000 0.029728
3.966082 0.020000 0.032750
4.946941 -0.030000 0.035462
0.000000 0.000000 0.032805
3.624914 0.010000 0.032743
3.880790 0.000000 0.034539
3.710206 0.000000 0.034591
3.539622 0.000000 0.032662
4.307250 -0.010000 0.032952
0.000000 0.000000 0.033840
4.136666 -0.010000 0.032560
4.008728 0.000000 0.046548
7.889518 0.010000 0.070608
8.145394 0.030000 0.087407
8.315979 -0.010000 0.061871
4.221958 -0.010000 0.047096
4.477835 -0.010000 0.046683
4.136666 -0.010000 0.032982
4.179312 -0.010000 0.035293
4.349897 -0.010000 0.032779
4.094020 -0.010000 0.035438
4.221958 0.000000 0.034629
0.000000 0.000000 0.034189
3.923436 0.000000 0.032450
3.539622 -0.010000 0.032541
4.520481 -0.010000 0.030856
4.392543 0.000000 0.032628
3.710206 -0.010000 0.038269
4.605773 0.000000 0.064880
8.614501 0.000000 0.074292
8.188040 -0.010000 0.073536
8.614501 -0.010000 0.080298
4.349897 -0.030000 0.063019
8.315979 -0.010000 0.061386
4.349897 -0.010000 0.032031
4.435189 -0.010000 0.032256
0.000000 0.000000 0.032604
4.136666 -0.010000 0.033402
8.571855 -0.050000 0.064824
8.614501 -0.040000 0.073133
9.254192 -0.040000 0.089077
8.827731 -0.010000 0.090541
3.880790 -0.010000 0.029005
4.520481 -0.020000 0.036712
4.648419 -0.010000 0.036602
4.221958 0.000000 0.034281
0.000000 0.000000 0.033930
4.946941 -0.010000 0.034936
4.179312 0.010000 0.032769
9.254192 0.000000 0.077264
16.162851 -0.060000 0.150068
9.467422 0.000000 0.070785
9.168899 -0.020000 0.089481
4.904295 -0.030000 0.033141
5.074879 -0.020000 0.034445
0.000000 0.000000 0.034731
4.733711 0.020000 0.032289
4.691065 -0.020000 0.032808
4.946941 -0.040000 0.035256
5.117525 -0.030000 0.032129
4.904295 -0.020000 0.061088
18.678967 -0.010000 0.143813
20.384809 0.010000 0.159133
9.339484 0.040000 0.086529
10.235051 0.060000 0.083098
10.490927 -0.030000 0.094109
9.680652 -0.020000 0.061383
15.267284 -0.020000 0.122450
10.704157 0.020000 0.059309
0.000000 0.000000 0.028803
5.117525 0.010000 0.038032
5.245463 -0.020000 0.035659
4.946941 0.000000 0.033743
4.563127 0.010000 0.034054
5.799862 0.000000 0.036443
5.373402 0.010000 0.033322
4.776357 -0.010000 0.074507
15.054054 -0.010000 0.085457
10.490927 0.000000 0.102655
10.362989 -0.010000 0.076269
4.776357 0.010000 0.037655
5.629278 -0.010000 0.032260
5.074879 -0.020000 0.032713
0.000000 0.000000 0.029656
4.733711 0.000000 0.032264
5.373402 -0.020000 0.034170
5.543986 0.000000 0.030777
10.533573 -0.010000 0.075767
9.893882 -0.020000 0.084664
11.258556 0.000000 0.082994
5.330756 -0.010000 0.064293
10.490927 -0.020000 0.071015
4.691065 0.010000 0.031471
5.543986 -0.010000 0.035357
5.373402 -0.010000 0.036305
4.819003 -0.010000 0.029963
0.000000 0.000000 0.032349
5.586632 -0.010000 0.033309
5.074879 0.010000 0.033514
5.458694 0.000000 0.034888
10.661511 -0.020000 0.079180
16.205497 0.000000 0.106508
10.789449 -0.010000 0.102804
9.765944 0.010000 0.070883
21.749483 -0.030000 0.168256
10.149759 -0.010000 0.061099
5.202817 0.000000 0.040789
5.160171 0.000000 0.074710
16.162851 -0.020000 0.094410
16.077559 -0.010000 0.125990
21.621544 -0.030000 0.155260
4.861649 -0.010000 0.035900
5.245463 0.010000 0.035776
0.000000 0.000000 0.033744
3.155807 0.010000 0.033763
5.245463 0.000000 0.034021
5.245463 0.000000 0.032145
5.586632 0.000000 0.042603
10.618865 0.010000 0.075689
10.490927 0.030000 0.077314
10.789449 0.010000 0.065321
11.002679 0.000000 0.081745
16.248143 0.010000 0.126767
10.704157 0.010000 0.095751
5.671924 0.010000 0.036366
10.021820 -0.020000 0.071086
16.589311 0.010000 0.120153
10.149759 -0.010000 0.098850
16.674603 0.000000 0.097179
10.746803 -0.010000 0.075733
0.000000 0.000000 0.032928
5.842508 -0.010000 0.035538
5.543986 0.000000 0.032851
5.117525 -0.010000 0.035366
5.757216 -0.010000 0.034581
5.501340 -0.010000 0.034429
5.330756 0.000000 0.050182
43.371027 0.030000 0.307539
11.642370 0.020000 0.085327
5.330756 0.000000 0.040076
5.714570 0.000000 0.035044
5.245463 -0.010000 0.032857
0.000000 0.000000 0.035495
16.504019 0.010000 0.113765
16.376081 -0.040000 0.110585
11.215910 0.020000 0.077307
10.107112 -0.010000 0.074258
6.439553 0.000000 0.040327
4.946941 0.000000 0.032911
0.000000 0.000000 0.032964
10.874741 -0.010000 0.073065
21.792129 -0.020000 0.138198
17.015772 -0.020000 0.145166
16.631957 -0.040000 0.085009
0.000000 0.000000 0.032926
5.586632 0.000000 0.034309
11.471786 0.000000 0.082946
9.552714 0.000000 0.082187
17.271648 0.000000 0.093171
10.320343 -0.010000 0.091957
11.258556 0.040000 0.086392
5.160171 0.010000 0.032523
6.055738 -0.010000 0.033165
5.160171 0.000000 0.063043
11.429140 0.000000 0.056683
10.874741 -0.050000 0.102355
16.759895 0.010000 0.104744
10.021820 0.020000 0.068073
0.000000 0.000000 0.034052
6.311615 -0.020000 0.029185
6.098384 0.010000 0.033483
2.302886 0.010000 0.038931
5.629278 0.000000 0.030867
5.970446 0.000000 0.032059
0.000000 0.000000 0.033938
7.505704 -0.020000 0.030962
6.268968 -0.010000 0.033413
2.601409 0.000000 0.057006
19.361304 -0.010000 0.109975
13.945256 -0.030000 0.114441
6.183676 -0.010000 0.051575
5.757216 -0.010000 0.033984
5.330756 -0.010000 0.034282
6.268968 -0.010000 0.032972
4.989587 0.020000 0.033760
5.074879 0.010000 0.032629
0.000000 0.000000 0.036105
6.823367 -0.010000 0.035197
5.373402 0.010000 0.034774
5.629278 0.000000 0.033000
6.183676 0.000000 0.033384
10.746803 0.000000 0.067487
17.101064 0.020000 0.120985
16.589311 -0.010000 0.127752
11.514432 -0.020000 0.080377
5.288109 -0.030000 0.034888
2.601409 0.000000 0.033739
0.000000 0.000000 0.033668
5.927800 0.000000 0.031790
4.648419 -0.010000 0.032261
5.757216 -0.020000 0.034453
6.524845 0.010000 0.031443
10.832095 0.000000 0.076681
10.789449 0.000000 0.098560
12.026184 0.000000 0.063996
11.301202 -0.010000 0.110414
11.642370 -0.020000 0.055913
5.416048 0.000000 0.046772
5.799862 0.000000 0.032959
6.183676 -0.010000 0.032929
0.000000 0.000000 0.033907
11.386494 -0.020000 0.044683
5.799862 0.000000 0.050110
10.832095 -0.010000 0.084993
11.343848 0.010000 0.074746
16.759895 -0.020000 0.122644
6.311615 -0.010000 0.051078
5.543986 0.000000 0.032758
5.757216 0.010000 0.033771
5.629278 -0.010000 0.033168
0.000000 0.000000 0.034126
5.629278 -0.010000 0.033826
5.842508 0.000000 0.034961
5.586632 0.000000 0.032829
5.927800 -0.010000 0.035076
5.885154 0.020000 0.033225
11.301202 -0.010000 0.074895
10.149759 -0.010000 0.084611
12.154123 0.000000 0.109033
16.546665 -0.040000 0.105051
12.026184 0.000000 0.069455
5.373402 0.000000 0.035736
6.141030 0.000000 0.038683
0.000000 0.000000 0.033447
5.330756 0.010000 0.034064
5.842508 0.010000 0.031924
5.970446 0.000000 0.032528
5.501340 0.000000 0.053231
12.026184 -0.020000 0.069117
12.026184 0.010000 0.088543
10.277697 -0.030000 0.076910
11.642370 0.020000 0.066937
6.141030 -0.020000 0.032570
5.501340 0.010000 0.036478
0.000000 0.000000 0.032794
5.074879 -0.010000 0.036420
6.567491 0.000000 0.032931
5.416048 0.000000 0.038540
5.842508 -0.010000 0.032647
5.586632 0.000000 0.029064
0.000000 0.000000 0.032013
11.770308 0.020000 0.057691
11.215910 -0.020000 0.087555
17.655462 0.030000 0.108350
10.235051 -0.020000 0.095700
12.409999 0.020000 0.073380
5.288109 -0.010000 0.055765
6.268968 -0.020000 0.033324
4.691065 0.010000 0.035061
5.842508 -0.020000 0.031361
6.311615 0.000000 0.032506
5.330756 0.000000 0.041671
6.013092 -0.010000 0.053861
22.687695 0.000000 0.160704
11.642370 0.000000 0.093249
5.373402 -0.020000 0.034287
6.695429 0.000000 0.031718
4.691065 0.000000 0.049089
5.501340 0.000000 0.042195
6.738075 -0.010000 0.033592
5.543986 0.010000 0.040140
5.885154 0.010000 0.033799
5.543986 -0.010000 0.033492
5.032233 -0.010000 0.034549
6.268968 -0.010000 0.035230
0.000000 0.000000 0.034973
5.757216 0.010000 0.034179
5.757216 0.000000 0.032635
5.629278 -0.020000 0.050192
17.442232 0.000000 0.095646
11.812954 -0.010000 0.091511
11.642370 0.010000 0.090365
10.661511 0.020000 0.064007
6.098384 -0.010000 0.042739
6.524845 0.020000 0.032570
5.288109 0.010000 0.033101
6.439553 0.000000 0.054840
10.576219 0.000000 0.066052
12.196769 -0.030000 0.092225
11.983538 -0.040000 0.091740
5.501340 0.030000 0.042673
5.714570 0.010000 0.042143
6.013092 -0.010000 0.032313
5.842508 0.000000 0.032895
6.098384 -0.010000 0.034137
5.714570 0.000000 0.034773
6.311615 -0.010000 0.032529
0.000000 0.000000 0.034956
5.202817 0.000000 0.033183
12.324707 0.010000 0.065631
11.386494 -0.020000 0.071950
10.746803 0.000000 0.097449
12.154123 -0.010000 0.080801
11.770308 -0.030000 0.063757
5.543986 0.000000 0.030727
0.000000 0.000000 0.033386
6.055738 -0.010000 0.034041
5.714570 0.000000 0.034723
5.799862 0.000000 0.043926
6.013092 0.000000 0.032594
4.989587 0.010000 0.052602
23.370032 -0.040000 0.131398
17.612816 -0.010000 0.142577
16.887833 -0.010000 0.107889
11.770308 -0.020000 0.096820
5.160171 -0.010000 0.040614
6.141030 -0.010000 0.032964
5.842508 -0.010000 0.032905
11.727662 -0.020000 0.083217
17.783400 0.000000 0.111993
4.733711 -0.010000 0.056580
2.516117 0.000000 0.034113
6.524845 -0.020000 0.034308
8.614501 0.000000 0.034641
6.311615 0.000000 0.032357
3.198453 -0.010000 0.037000
5.160171 0.020000 0.038688
0.000000 0.000000 0.034402
5.671924 -0.010000 0.036774
6.055738 0.000000 0.032550
5.501340 0.000000 0.033186
6.354261 -0.010000 0.037445
5.757216 -0.010000 0.053477
17.314294 -0.030000 0.124944
17.868693 -0.020000 0.111010
10.917387 0.000000 0.080505
12.409999 -0.030000 0.078320
5.288109 0.010000 0.037984
6.354261 0.010000 0.034877
5.885154 0.000000 0.033729
11.429140 -0.020000 0.100716
17.314294 0.010000 0.127621
17.442232 0.010000 0.122086
12.068830 -0.020000 0.057735
5.330756 0.020000 0.040347
6.610137 0.000000 0.047266
5.245463 -0.010000 0.036237
5.074879 0.020000 0.035224
6.823367 -0.010000 0.032448
5.714570 0.040000 0.035740
0.000000 0.000000 0.032565
11.855600 -0.010000 0.066348
16.930480 0.000000 0.113477
11.471786 0.000000 0.102520
11.557078 -0.010000 0.073392
5.543986 0.000000 0.030890
6.098384 -0.010000 0.035831
6.098384 0.010000 0.035481
5.330756 0.010000 0.034826
6.098384 0.000000 0.033558
0.000000 0.000000 0.033385
10.960033 0.000000 0.070069
24.265599 -0.040000 0.142544
10.576219 0.010000 0.102273
11.898246 0.000000 0.066582
11.642370 0.010000 0.095725
11.855600 0.000000 0.050012
5.458694 0.010000 0.060962
17.570170 0.020000 0.100704
11.898246 0.010000 0.114360
11.898246 0.010000 0.054145
5.416048 0.010000 0.029999
0.000000 0.000000 0.035926
6.396907 -0.010000 0.033140
5.842508 0.000000 0.035141
5.202817 0.010000 0.032452
6.311615 0.000000 0.036902
5.714570 0.010000 0.051097
11.471786 -0.040000 0.067435
11.727662 0.010000 0.078117
11.557078 -0.040000 0.091670
8.913023 0.010000 0.086733
2.857285 -0.550000 0.066649
0.426460 -0.690000 0.034128
0.511753 -0.990000 0.034669
0.000000 0.000000 0.032511
3.454330 -0.840000 0.033813
3.880790 -0.990000 0.035004
3.283745 -0.270000 0.033170
15.309930 -0.360000 0.103015
15.437868 -0.300000 0.141136
9.595360 -0.150000 0.066036
15.437868 -0.220000 0.112085
10.064466 -0.170000 0.097964
4.989587 -0.080000 0.049652
4.904295 -0.050000 0.039405
10.235051 -0.150000 0.076309
10.064466 -0.140000 0.081161
14.712885 -0.190000 0.123321
10.704157 -0.060000 0.089243
19.830411 -0.210000 0.131345
4.946941 -0.040000 0.059449
10.192405 -0.090000 0.084602
5.117525 -0.050000 0.028670
15.395222 -0.120000 0.127646
15.352576 -0.130000 0.120106
10.107112 -0.120000 0.061805
5.671924 -0.040000 0.054257
4.776357 -0.030000 0.034421
4.691065 -0.070000 0.032807
5.288109 -0.040000 0.032825
5.458694 -0.040000 0.034397
0.000000 0.000000 0.033387
5.586632 -0.040000 0.037309
9.936528 -0.120000 0.086075
15.395222 -0.140000 0.095004
10.277697 -0.060000 0.086481
10.235051 -0.070000 0.092719
5.245463 -0.030000 0.028802
5.245463 -0.050000 0.035849
10.405635 -0.120000 0.076774
15.693744 -0.170000 0.126996
9.595360 -0.100000 0.088507
16.205497 -0.140000 0.091910
15.565806 -0.130000 0.130925
5.074879 -0.060000 0.037036
7.932164 -0.140000 0.139005
0.724983 -0.070000 0.097663
1.791134 1.650000 0.317567
0.000000 0.000000 0.033407
0.383814 0.650000 0.071280
0.255876 0.820000 0.063610
0.511753 0.590000 0.102111
0.213230 0.750000 0.081196
0.213230 0.860000 0.047833
0.000000 0.000000 0.032209
0.255876 0.440000 0.035453
0.255876 0.440000 0.034632
0.298522 0.580000 0.032016
0.085292 0.500000 0.035977
0.170584 0.500000 0.039484
0.085292 0.490000 0.033601
0.383814 1.100000 0.074824
0.213230 1.090000 0.085832
0.085292 0.570000 0.062799
0.597045 2.510000 0.157348
0.341168 1.260000 0.085195
0.383814 1.670000 0.110996
0.298522 1.820000 0.109564
0.213230 1.380000 0.080132
0.085292 1.220000 0.089705
0.127938 0.620000 0.032237
0.085292 0.630000 0.034198
0.127938 0.860000 0.032218
0.000000 0.000000 0.035337
0.042646 0.760000 0.032618
0.170584 0.750000 0.032585
0.213230 0.730000 0.031875
0.085292 0.900000 0.062443
0.255876 1.470000 0.076252
0.383814 2.420000 0.102379
0.000000 0.730000 0.062632
0.170584 1.480000 0.054391
0.000000 0.920000 0.032562
0.000000 0.000000 0.032455
0.213230 0.720000 0.033614
0.042646 0.780000 0.042039
0.341168 1.620000 0.073540
0.298522 1.490000 0.066846
0.341168 1.710000 0.103397
0.426460 1.870000 0.059869
0.255876 0.830000 0.038102
0.170584 0.800000 0.033847
0.127938 0.730000 0.038366
0.170584 0.910000 0.038479
0.000000 0.000000 0.032347
0.042646 0.820000 0.032885
0.085292 0.910000 0.031890
0.085292 0.920000 0.030631
0.042646 0.900000 0.067409
0.170584 2.910000 0.109435
0.213230 2.970000 0.104461
0.085292 0.960000 0.061976
0.127938 0.930000 0.034944
0.042646 0.910000 0.044662
0.000000 1.190000 0.034212
0.000000 0.990000 0.038175
0.000000 1.020000 0.039992
0.085292 1.030000 0.033170
0.085292 1.280000 0.032824
0.085292 0.980000 0.035833
0.042646 0.980000 0.035362
0.000000 0.000000 0.031901
0.127938 1.870000 0.073894
0.426460 3.040000 0.111019
0.085292 3.080000 0.132098
0.170584 2.060000 0.077183
0.213230 4.450000 0.130615
0.042646 1.110000 0.069143
0.042646 1.390000 0.034230
0.170584 1.130000 0.039938
0.127938 2.180000 0.064777
0.213230 2.510000 0.104731
0.255876 3.290000 0.088833
0.127938 2.480000 0.083866
0.213230 2.260000 0.093510
0.085292 1.180000 0.035220
0.213230 1.550000 0.032103
0.085292 1.190000 0.035401
0.000000 0.000000 0.034568
0.255876 2.260000 0.046797
0.000000 0.000000 0.033027
0.213230 2.670000 0.043117
0.000000 0.000000 0.036513
0.042646 2.490000 0.064640
0.127938 2.700000 0.077698
0.085292 1.240000 0.056604
0.255876 4.040000 0.120167
0.213230 2.380000 0.069995
0.213230 1.190000 0.035945
0.085292 1.210000 0.052875
0.042646 1.570000 0.040383
0.042646 1.300000 0.033527
0.298522 1.230000 0.034830
6.055738 1.180000 0.051778
7.676288 1.340000 0.054077
15.181992 0.150000 0.115907
10.832095 0.130000 0.105369
9.211546 0.130000 0.076711
14.371717 0.190000 0.114251
5.117525 0.060000 0.031431
4.776357 0.050000 0.029847
4.819003 0.020000 0.037372
0.000000 0.000000 0.036572
4.989587 0.010000 0.034316
9.680652 0.100000 0.056005
14.798177 0.140000 0.148268
9.808590 0.070000 0.077023
15.139346 0.120000 0.097704
10.320343 0.110000 0.087634
4.904295 0.090000 0.051305
4.904295 0.060000 0.031555
5.202817 0.020000 0.032791
4.520481 0.040000 0.039045
4.946941 0.060000 0.040549
5.330756 0.050000 0.032321
10.021820 0.110000 0.093058
20.086287 0.190000 0.160997
9.979174 0.060000 0.074718
4.989587 0.050000 0.049605
4.861649 0.080000 0.049181
5.373402 0.050000 0.034630
4.861649 0.090000 0.032826
5.074879 0.050000 0.034072
5.202817 0.040000 0.032453
0.000000 0.000000 0.035160
10.277697 0.090000 0.056345
5.074879 0.030000 0.039831
9.765944 0.110000 0.069076
4.904295 0.060000 0.072733
10.917387 0.090000 0.065981
15.054054 0.140000 0.135900
15.309930 0.190000 0.118963
10.064466 0.100000 0.062962
1.577904 0.070000 0.034630
1.535258 -0.110000 0.032564
0.255876 -0.380000 0.037259
0.554399 -0.440000 0.069663
1.236735 -0.970000 0.095624
0.767629 -0.350000 0.065383
8.486563 -0.660000 0.063580
3.624914 0.030000 0.030895
3.923436 0.020000 0.055045
3.838144 0.000000 0.032934
5.160171 -0.070000 0.033591
4.989587 0.020000 0.034131
3.966082 -0.020000 0.056472
3.880790 -0.030000 0.032521
4.221958 -0.020000 0.035416
3.838144 -0.030000 0.034674
4.307250 -0.010000 0.052593
13.476150 -0.060000 0.117268
12.367353 -0.030000 0.125217
8.657147 -0.010000 0.076293
13.049690 -0.030000 0.131830
13.390858 0.000000 0.125681
17.826046 -0.100000 0.165711
13.476150 -0.120000 0.093094
8.657147 -0.030000 0.084515
3.752852 -0.020000 0.030979
4.861649 -0.030000 0.032922
4.605773 -0.020000 0.072581
13.476150 -0.110000 0.089897
8.955669 -0.020000 0.092222
9.083607 -0.030000 0.082729
4.776357 -0.010000 0.034287
4.819003 -0.020000 0.031005
4.648419 -0.030000 0.036886
0.000000 0.000000 0.033878
4.221958 -0.010000 0.037007
4.819003 -0.030000 0.034434
4.605773 -0.040000 0.034779
4.392543 0.000000 0.037416
9.424776 -0.040000 0.094448
14.499655 -0.130000 0.108959
8.870377 -0.040000 0.065927
4.520481 -0.030000 0.057651
5.288109 -0.030000 0.029184
4.861649 -0.040000 0.032715
0.000000 0.000000 0.032163
4.989587 -0.040000 0.035130
4.477835 0.010000 0.032628
4.520481 -0.010000 0.033816
4.989587 -0.020000 0.032923
4.349897 -0.020000 0.032499
4.904295 -0.020000 0.036411
9.467422 -0.010000 0.085615
14.457009 0.000000 0.112759
4.904295 0.010000 0.074661
5.032233 0.030000 0.040980
5.202817 0.020000 0.036215
4.691065 0.010000 0.033666
4.861649 0.040000 0.032154
5.032233 0.030000 0.032488
5.074879 0.000000 0.035516
4.349897 0.010000 0.040669
4.648419 0.030000 0.039142
10.021820 0.060000 0.083358
9.723298 0.060000 0.085919
7.121889 0.040000 0.067612
9.467422 0.080000 0.094872
10.107112 0.070000 0.073879
9.510068 0.050000 0.081774
5.117525 0.020000 0.032280
5.074879 0.030000 0.038592
9.765944 0.040000 0.100744
15.054054 0.110000 0.115387
9.979174 0.020000 0.089926
9.467422 0.070000 0.080932
4.904295 0.030000 0.034348
5.501340 0.040000 0.032696
5.458694 0.060000 0.034160
4.648419 0.030000 0.034925
4.904295 0.060000 0.036237
4.776357 0.020000 0.040032
15.395222 0.060000 0.121940
10.107112 0.030000 0.111950
10.618865 0.080000 0.099633
2.302886 -0.450000 0.070304
1.023505 -1.500000 0.121774
0.127938 -0.030000 0.039748
0.298522 0.010000 0.096941
0.255876 -0.310000 0.102346
0.085292 -0.420000 0.085999
0.213230 -0.430000 0.072438
0.298522 -0.480000 0.085522
0.255876 -0.500000 0.069098
0.000000 0.000000 0.033781
0.127938 -0.280000 0.031114
0.127938 -0.270000 0.035432
0.042646 -0.290000 0.032739
0.000000 -0.220000 0.034464
0.341168 -0.500000 0.082199
0.213230 -0.600000 0.103639
0.298522 -1.130000 0.097096
0.341168 -0.980000 0.098783
0.255876 -0.780000 0.051538
0.000000 0.000000 0.032291
0.085292 -0.390000 0.031414
0.255876 -0.500000 0.034816
0.085292 -0.360000 0.032591
0.042646 -0.300000 0.033625
0.042646 -0.190000 0.033524
0.000000 0.000000 0.036506
0.042646 -0.380000 0.031881
0.127938 -0.300000 0.040289
0.511753 -0.670000 0.072212
0.426460 -0.860000 0.066461
0.426460 -1.070000 0.091766
0.341168 -1.400000 0.097680
0.298522 -1.310000 0.048833
0.000000 0.000000 0.031580
0.042646 -0.570000 0.031793
0.085292 -0.530000 0.032128
0.085292 -0.660000 0.033095
0.127938 -0.590000 0.034242
0.000000 0.000000 0.028458
0.042646 -0.610000 0.033760
0.042646 -0.650000 0.033906
0.042646 -0.860000 0.033419
0.085292 -0.690000 0.060125
0.469106 -3.030000 0.132906
0.426460 -2.350000 0.114606
0.298522 -1.780000 0.077471
0.000000 -0.880000 0.058981
0.042646 -0.900000 0.033484
2.985223 -0.840000 0.042400
4.477835 -0.990000 0.037266
3.283745 -0.170000 0.034762
4.435189 -0.070000 0.031015
0.000000 0.000000 0.036683
4.861649 0.100000 0.033975
4.435189 -0.070000 0.030750
10.490927 0.030000 0.070935
12.665875 -0.050000 0.106312
4.392543 0.000000 0.071200
17.996631 -0.050000 0.128904
18.081923 -0.100000 0.198412
9.040961 -0.050000 0.067266
4.563127 -0.030000 0.032832
9.168899 -0.050000 0.065287
9.339484 -0.060000 0.080398
13.177628 -0.100000 0.154732
9.723298 -0.040000 0.071727
10.277697 -0.030000 0.065565
4.349897 -0.020000 0.048978
4.776357 -0.030000 0.033331
4.733711 -0.010000 0.050077
4.435189 -0.050000 0.035914
18.977490 -0.100000 0.155031
29.127248 -0.130000 0.233975
23.881785 -0.120000 0.192544
15.309930 -0.040000 0.150688
9.254192 -0.060000 0.071416
14.670239 -0.060000 0.093376
9.467422 -0.040000 0.101178
19.659826 -0.050000 0.137911
34.458004 -0.130000 0.282723
4.819003 0.000000 0.066727
15.693744 -0.060000 0.128012
24.393537 -0.110000 0.177203
14.926115 -0.060000 0.116821
9.979174 -0.040000 0.094145
15.608452 -0.070000 0.122447
10.107112 -0.060000 0.077823
14.968762 -0.080000 0.093590
9.979174 -0.050000 0.082211
5.970446 -0.030000 0.066636
7.420412 -0.050000 0.069660
5.458694 -0.030000 0.030599
4.776357 -0.040000 0.054694
15.437868 -0.060000 0.100537
10.362989 -0.060000 0.111051
15.779036 -0.090000 0.091494
4.946941 -0.040000 0.051198
5.117525 -0.040000 0.035534
5.586632 -0.030000 0.028752
0.000000 0.000000 0.032853
5.586632 -0.030000 0.039698
14.883469 -0.150000 0.086583
16.120205 -0.100000 0.141834
10.320343 -0.060000 0.082550
10.320343 -0.050000 0.058055
0.000000 0.000000 0.031900
5.330756 -0.020000 0.034214
4.520481 -0.010000 0.036607
5.970446 -0.020000 0.037682
5.202817 -0.020000 0.033363
5.202817 -0.020000 0.033460
5.671924 -0.030000 0.032919
0.000000 0.000000 0.030985
5.117525 -0.030000 0.033387
10.917387 -0.080000 0.069183
9.893882 -0.040000 0.070720
5.543986 -0.040000 0.063490
10.192405 -0.060000 0.081161
5.927800 -0.030000 0.037782
5.416048 -0.010000 0.031545
5.074879 -0.040000 0.033841
5.458694 -0.040000 0.034479
5.032233 -0.030000 0.033925
5.288109 -0.020000 0.051260
5.714570 -0.020000 0.052133
15.565806 -0.070000 0.107494
11.343848 -0.060000 0.095794
5.032233 -0.020000 0.032919
5.160171 -0.050000 0.032458
6.013092 -0.040000 0.033023
5.117525 -0.030000 0.031986
5.330756 -0.030000 0.043565
5.927800 -0.020000 0.037935
4.819003 -0.020000 0.056732
5.245463 -0.040000 0.034370
16.845187 -0.090000 0.114805
10.490927 -0.070000 0.099035
11.130618 -0.070000 0.089667
11.087971 -0.070000 0.064463
10.832095 -0.090000 0.084240
27.549345 -0.250000 0.175297
10.874741 -0.100000 0.091051
21.962713 -0.210000 0.151964
16.376081 -0.120000 0.114736
5.586632 -0.030000 0.078832
16.759895 -0.110000 0.114706
16.418727 -0.120000 0.097842
16.546665 -0.100000 0.108693
11.045325 -0.080000 0.097000
11.642370 -0.070000 0.066225
10.789449 -0.060000 0.092003
10.618865 -0.030000 0.085207
11.343848 -0.060000 0.074669
5.245463 -0.020000 0.055019
5.714570 -0.040000 0.035570
5.288109 -0.050000 0.036946
9.126253 -0.070000 0.064526
3.624914 0.900000 0.123008
1.023505 1.650000 0.080980
3.411684 1.480000 0.102748
9.211546 1.230000 0.067572
5.288109 0.160000 0.049137
18.551029 0.220000 0.166315
18.892198 0.240000 0.141416
9.254192 0.130000 0.086972
9.510068 0.070000 0.090272
9.723298 0.100000 0.045246
0.000000 0.000000 0.037454
4.477835 0.040000 0.034734
9.552714 0.090000 0.068178
9.638006 0.050000 0.088021
9.680652 0.080000 0.082050
9.638006 0.120000 0.058530
4.861649 0.010000 0.049239
4.904295 0.030000 0.032618
4.520481 0.050000 0.034832
5.245463 0.030000 0.033370
0.000000 0.000000 0.033035
5.032233 0.020000 0.032384
4.733711 0.020000 0.035582
4.776357 0.030000 0.035582
4.691065 0.070000 0.035087
4.648419 0.040000 0.032869
5.117525 0.010000 0.062124
9.510068 0.120000 0.060831
9.765944 0.030000 0.106207
14.798177 0.080000 0.105831
9.595360 0.040000 0.070071
5.373402 0.040000 0.046774
4.563127 0.050000 0.032872
4.648419 0.010000 0.032191
0.000000 0.000000 0.032338
5.032233 0.030000 0.034451
4.221958 0.040000 0.034947
4.989587 0.020000 0.032434
10.490927 0.090000 0.069465
5.074879 0.010000 0.058440
14.414363 0.100000 0.104428
10.107112 0.050000 0.081052
4.691065 0.040000 0.051936
5.416048 0.010000 0.032119
4.989587 0.040000 0.033843
5.074879 0.030000 0.034149
0.000000 0.000000 0.034141
5.117525 0.030000 0.032699
4.605773 0.020000 0.032796
4.904295 0.020000 0.032931
5.117525 0.050000 0.035076
5.373402 0.050000 0.032506
0.000000 0.000000 0.032159
4.520481 0.050000 0.031503
5.288109 0.000000 0.032292
9.638006 0.060000 0.075979
20.981854 0.100000 0.149545
9.808590 0.040000 0.096227
10.235051 0.080000 0.082522
15.096700 0.080000 0.121391
2.601409 0.020000 0.034721
5.373402 0.030000 0.034535
4.946941 0.020000 0.032813
0.000000 0.000000 0.032850
10.149759 0.020000 0.066584
10.362989 0.080000 0.089492
15.054054 0.060000 0.087692
5.160171 0.020000 0.063952
5.458694 0.040000 0.028978
5.245463 0.050000 0.032720
5.416048 0.040000 0.033814
0.000000 0.000000 0.038004
10.021820 0.040000 0.040958
0.000000 0.000000 0.035006
5.074879 0.040000 0.034370
4.904295 0.020000 0.036453
5.288109 0.030000 0.033325
5.117525 0.020000 0.036593
5.160171 0.020000 0.032454
5.032233 0.020000 0.032347
5.501340 0.050000 0.064193
15.480514 0.050000 0.097871
15.906974 0.100000 0.133160
9.723298 0.040000 0.070328
5.671924 0.030000 0.070282
10.960033 0.080000 0.048127
0.000000 0.000000 0.032706
4.946941 0.000000 0.033141
5.117525 0.030000 0.033076
4.946941 0.010000 0.034666
10.789449 0.050000 0.071000
10.490927 0.020000 0.099624
21.664190 0.060000 0.139808
5.586632 0.040000 0.064334
5.202817 0.040000 0.034868
5.032233 0.040000 0.034635
5.757216 0.020000 0.032799
5.032233 0.030000 0.034051
4.989587 0.010000 0.033301
0.000000 0.000000 0.034820
5.288109 0.030000 0.035141
1.108797 0.050000 0.034762
1.577904 -0.100000 0.037065
0.639691 -0.620000 0.032527
0.426460 -0.570000 0.035025
0.255876 -0.450000 0.032474
2.217594 -0.300000 0.035760
4.008728 -0.460000 0.065695
8.699793 -0.160000 0.079630
14.243779 -0.050000 0.098463
12.921751 -0.090000 0.149669
4.307250 -0.030000 0.033193
4.776357 -0.030000 0.034552
4.691065 -0.020000 0.034046
4.477835 -0.030000 0.037419
4.477835 -0.030000 0.043629
9.382130 -0.070000 0.097424
9.339484 -0.050000 0.077908
8.998315 -0.060000 0.084949
8.913023 -0.090000 0.077153
4.946941 -0.020000 0.034680
5.032233 -0.050000 0.032989
4.605773 -0.040000 0.034836
4.435189 -0.030000 0.034508
4.691065 -0.020000 0.034263
4.648419 -0.030000 0.034868
0.000000 0.000000 0.035477
4.349897 -0.030000 0.035774
9.467422 -0.040000 0.063746
13.604088 -0.060000 0.105011
9.680652 -0.050000 0.102839
9.467422 -0.050000 0.072067
4.520481 -0.020000 0.034521
4.477835 -0.030000 0.034936
5.032233 -0.020000 0.037791
0.000000 0.000000 0.035022
9.339484 -0.040000 0.043028
0.000000 0.000000 0.033443
4.563127 -0.030000 0.032721
9.723298 -0.060000 0.061961
9.510068 -0.040000 0.095752
9.339484 -0.030000 0.061090
9.467422 -0.080000 0.089744
9.595360 -0.030000 0.070143
9.126253 -0.080000 0.096376
4.861649 -0.010000 0.037666
4.946941 -0.020000 0.039493
4.691065 -0.030000 0.034483
9.808590 -0.050000 0.069827
9.467422 -0.040000 0.080689
9.595360 -0.060000 0.079446
4.477835 -0.020000 0.052723
4.605773 -0.030000 0.053019
19.915703 -0.080000 0.143498
19.020136 -0.150000 0.170723
9.680652 -0.010000 0.074038
9.936528 -0.050000 0.097243
10.064466 -0.030000 0.083265
14.542301 -0.090000 0.085709
4.819003 -0.020000 0.059743
5.117525 -0.020000 0.047122
4.733711 -0.010000 0.029998
4.691065 -0.020000 0.034147
4.861649 -0.040000 0.032987
4.861649 -0.020000 0.037491
0.000000 0.000000 0.032794
5.288109 -0.030000 0.033034
5.330756 -0.010000 0.032328
4.392543 -0.020000 0.032537
5.202817 -0.020000 0.032628
5.074879 -0.020000 0.035308
4.691065 -0.030000 0.044365
4.989587 -0.030000 0.034237
5.288109 -0.010000 0.049029
14.371717 -0.070000 0.113321
29.852231 -0.180000 0.235690
10.320343 -0.060000 0.103862
14.499655 -0.050000 0.097170
15.437868 -0.040000 0.134648
9.979174 -0.020000 0.068883
4.477835 -0.040000 0.048607
5.501340 -0.020000 0.032841
5.032233 -0.020000 0.045710
19.958349 -0.110000 0.148231
9.893882 -0.040000 0.095268
9.893882 -0.060000 0.081580
6.908659 -0.060000 0.075816
6.524845 -0.010000 0.063952
5.117525 0.030000 0.066207
4.819003 0.000000 0.047009
11.727662 0.010000 0.095508
7.079243 -0.010000 0.081179
7.079243 -0.010000 0.084472
9.424776 -0.010000 0.117102
7.889518 -0.030000 0.074705
7.846872 -0.040000 0.108198
3.369037 0.000000 0.036120
4.392543 -0.010000 0.045960
8.017456 0.010000 0.048383
0.000000 0.000000 0.031730
8.102748 -0.040000 0.074517
8.145394 0.010000 0.068925
8.486563 -0.020000 0.071812
7.974810 -0.010000 0.074567
3.496976 -0.010000 0.056137
8.699793 -0.020000 0.064554
0.000000 0.000000 0.033354
4.349897 -0.030000 0.038308
8.102748 0.010000 0.045114
0.000000 0.000000 0.033830
4.392543 0.000000 0.039666
4.349897 0.000000 0.035256
4.179312 0.010000 0.041159
3.838144 -0.010000 0.033475
4.392543 0.000000 0.032661
4.520481 0.000000 0.041232
4.349897 0.000000 0.059375
8.827731 -0.040000 0.070464
8.955669 -0.020000 0.063050
17.271648 -0.060000 0.178239
9.979174 -0.030000 0.088327
8.742439 -0.040000 0.050178
4.349897 -0.020000 0.045780
4.349897 0.000000 0.032429
5.074879 -0.010000 0.037657
4.989587 -0.010000 0.052183
9.083607 -0.020000 0.069797
8.657147 -0.020000 0.110853
9.595360 -0.010000 0.065303
8.955669 -0.060000 0.074636
9.552714 -0.040000 0.081438
4.904295 0.000000 0.042715
4.691065 -0.010000 0.032395
9.083607 -0.010000 0.072631
4.904295 -0.010000 0.068510
9.851236 0.000000 0.079446
9.339484 -0.040000 0.068937
9.638006 -0.010000 0.067641
5.074879 0.000000 0.032027
4.691065 0.010000 0.046394
4.776357 -0.010000 0.042939
4.733711 -0.010000 0.033364
4.264604 0.000000 0.051210
9.680652 -0.010000 0.064425
9.296838 0.000000 0.091443
9.467422 0.020000 0.089241
9.296838 0.000000 0.088645
9.339484 -0.010000 0.058790
4.563127 -0.010000 0.041280
5.245463 0.000000 0.047941
4.776357 0.000000 0.042960
4.989587 0.000000 0.046767
4.648419 -0.020000 0.038572
9.638006 0.000000 0.055149
10.277697 0.010000 0.086631
9.467422 -0.010000 0.099323
9.296838 0.020000 0.064069
5.416048 0.010000 0.047535
4.733711 -0.010000 0.034992
4.520481 0.000000 0.029277
5.373402 0.000000 0.041649
4.691065 0.020000 0.036587
0.000000 0.000000 0.034009
5.117525 -0.010000 0.037038
4.733711 0.000000 0.041859
10.192405 -0.010000 0.045877
0.000000 0.000000 0.034085
4.691065 0.000000 0.032957
5.416048 0.000000 0.034998
4.733711 0.000000 0.050495
10.192405 0.010000 0.056563
9.680652 -0.020000 0.096573
10.576219 -0.010000 0.059314
9.851236 -0.010000 0.081698
4.861649 -0.010000 0.064524
10.107112 -0.010000 0.071924
4.776357 0.000000 0.036569
5.117525 -0.040000 0.033735
5.288109 -0.020000 0.047884
4.946941 -0.010000 0.039034
5.288109 -0.010000 0.032991
5.288109 -0.020000 0.034433
5.629278 -0.060000 0.132630
0.298522 -0.040000 0.078201
8.401271 0.010000 0.143602
8.870377 0.010000 0.078139
0.000000 0.000000 0.031989
3.582268 -0.040000 0.034154
4.861649 -0.030000 0.034384
3.411684 -0.010000 0.032916
4.179312 -0.010000 0.032603
4.136666 -0.030000 0.034972
0.000000 0.000000 0.033438
3.667560 -0.010000 0.033596
4.477835 -0.020000 0.042016
3.752852 -0.020000 0.041834
4.179312 0.000000 0.035822
3.667560 -0.010000 0.045471
19.574534 -0.050000 0.175745
8.699793 -0.010000 0.096884
3.923436 -0.010000 0.034726
4.179312 -0.010000 0.029759
4.179312 0.000000 0.033500
4.477835 -0.010000 0.038763
3.795498 -0.020000 0.037010
0.000000 0.000000 0.033646
3.966082 -0.010000 0.032973
4.094020 0.000000 0.033303
4.477835 -0.010000 0.033758
4.221958 -0.030000 0.034689
3.923436 0.000000 0.035411
0.000000 0.000000 0.034539
12.409999 -0.030000 0.110674
9.083607 -0.020000 0.061095
8.315979 -0.020000 0.083352
8.401271 0.000000 0.084943
4.392543 -0.010000 0.042183
8.699793 0.000000 0.086687
7.804226 0.010000 0.077148
9.211546 -0.010000 0.095573
9.168899 0.000000 0.104684
12.452645 -0.020000 0.122396
13.433504 0.010000 0.099146
12.623229 -0.010000 0.147641
9.552714 0.000000 0.087869
4.819003 0.010000 0.037412
4.179312 0.010000 0.036364
4.520481 -0.010000 0.033620
4.435189 -0.020000 0.032465
4.691065 0.010000 0.031728
4.435189 0.000000 0.039821
4.605773 0.020000 0.034142
4.221958 0.000000 0.064264
13.646734 -0.010000 0.095912
9.424776 -0.010000 0.100135
22.602403 -0.010000 0.184478
33.050684 0.030000 0.291382
4.392543 -0.010000 0.053969
13.646734 -0.010000 0.103963
9.595360 0.000000 0.083790
9.851236 0.010000 0.069003
9.296838 0.010000 0.074351
5.160171 0.000000 0.042487
9.510068 0.010000 0.078998
4.648419 0.000000 0.058807
12.154123 -0.010000 0.117843
9.296838 -0.010000 0.090066
15.139346 0.010000 0.088812
4.733711 0.000000 0.050141
4.776357 -0.020000 0.039030
4.648419 0.000000 0.033197
64.310235 -0.020000 0.539892
10.107112 -0.020000 0.094714
12.196769 0.010000 0.081320
17.826046 0.030000 0.128181
9.851236 0.000000 0.085373
10.149759 -0.030000 0.087812
10.192405 0.010000 0.080081
9.851236 -0.030000 0.077704
9.680652 0.000000 0.088846
10.192405 -0.010000 0.090308
10.789449 0.000000 0.058974
5.032233 -0.010000 0.034230
4.733711 0.010000 0.036473
5.074879 -0.010000 0.036068
0.000000 0.000000 0.035163
4.776357 -0.010000 0.036506
5.970446 0.010000 0.038968
14.798177 0.010000 0.090513
10.021820 0.000000 0.099540
10.107112 0.000000 0.071936
10.405635 -0.020000 0.089671
15.011408 0.020000 0.111704
10.789449 -0.010000 0.067990
10.490927 -0.030000 0.075246
0.000000 0.000000 0.035382
5.160171 -0.020000 0.039421
10.320343 -0.020000 0.066923
26.142025 -0.030000 0.207929
15.864328 -0.030000 0.126912
12.324707 0.050000 0.146354
1.066151 0.870000 0.081185
1.322027 1.050000 0.072474
0.511753 0.590000 0.034038
3.966082 0.360000 0.043869
5.501340 0.510000 0.032904
8.273333 0.370000 0.101304
8.486563 0.080000 0.063325
11.045325 0.130000 0.094408
9.126253 0.040000 0.079220
8.998315 0.070000 0.067646
5.032233 0.010000 0.053333
4.733711 0.030000 0.033995
4.904295 0.020000 0.055792
4.221958 0.040000 0.034468
4.733711 0.040000 0.040649
9.296838 0.050000 0.050244
4.946941 0.010000 0.064092
14.371717 0.040000 0.100331
9.723298 0.060000 0.083306
9.211546 0.060000 0.083103
9.808590 0.080000 0.088521
5.032233 0.050000 0.032792
5.117525 0.030000 0.034188
4.563127 0.020000 0.033627
4.904295 0.020000 0.073412
20.256871 0.080000 0.138206
14.414363 0.080000 0.105678
14.627593 0.130000 0.135701
4.691065 0.020000 0.058724
4.989587 0.010000 0.034655
5.032233 0.040000 0.032086
5.074879 0.040000 0.044714
4.733711 0.030000 0.034353
5.074879 0.040000 0.031847
5.416048 0.050000 0.057995
12.623229 0.130000 0.089737
4.861649 0.030000 0.078326
20.342163 0.150000 0.134085
9.893882 0.060000 0.095266
14.712885 0.110000 0.104034
5.458694 0.010000 0.057406
4.691065 0.050000 0.031736
4.819003 0.010000 0.033536
5.032233 0.030000 0.034819
5.245463 0.030000 0.033102
0.000000 0.000000 0.034265
4.989587 0.010000 0.032809
10.192405 0.040000 0.072024
15.608452 0.060000 0.106578
14.712885 0.070000 0.132839
16.290789 0.060000 0.122271
4.819003 0.010000 0.041692
5.117525 0.040000 0.033186
5.202817 0.030000 0.041469
4.861649 0.040000 0.033976
5.714570 0.020000 0.033690
5.373402 0.040000 0.034541
4.819003 0.030000 0.040909
0.000000 0.000000 0.035074
5.330756 0.040000 0.039512
10.235051 0.090000 0.047767
5.458694 0.040000 0.039338
4.989587 0.040000 0.043008
4.904295 0.000000 0.033206
5.543986 0.040000 0.076572
10.405635 0.100000 0.066325
9.680652 0.080000 0.089440
16.290789 0.080000 0.111541
10.576219 0.000000 0.087722
4.946941 0.030000 0.033700
4.989587 0.010000 0.034681
5.671924 0.020000 0.032758
4.776357 0.050000 0.033320
5.074879 0.000000 0.036262
5.842508 0.050000 0.040839
4.563127 0.070000 0.062994
10.832095 0.050000 0.067581
2.430825 0.020000 0.060767
18.423091 0.150000 0.090586
10.362989 0.030000 0.078298
10.874741 0.030000 0.099016
8.273333 0.030000 0.066375
5.373402 0.000000 0.032450
2.558763 0.010000 0.038820
4.946941 0.030000 0.040227
5.543986 0.000000 0.064052
10.576219 0.050000 0.083778
15.992267 0.060000 0.098969
11.045325 0.040000 0.091453
10.490927 0.090000 0.078743
5.543986 0.070000 0.058392
5.288109 0.040000 0.035395
5.629278 0.020000 0.038907
4.989587 0.040000 0.037849
5.202817 0.020000 0.033369
5.970446 0.040000 0.033316
5.416048 0.050000 0.034566
5.245463 0.020000 0.032668
0.000000 0.000000 0.034857
10.448281 0.070000 0.062649
8.614501 0.030000 0.059878
19.020136 0.170000 0.131138
10.448281 0.080000 0.093512
16.248143 0.140000 0.131524
10.704157 0.090000 0.077270
5.671924 0.020000 0.031876
5.117525 0.030000 0.032368
5.543986 0.010000 0.032444
5.458694 0.040000 0.033676
0.000000 0.000000 0.033535
5.799862 0.060000 0.036021
15.821682 0.080000 0.086890
11.343848 0.010000 0.106467
10.832095 0.040000 0.081567
10.362989 0.080000 0.088257
16.504019 0.060000 0.083729
5.629278 0.050000 0.062051
5.416048 0.070000 0.036590
5.629278 0.020000 0.033271
5.160171 0.030000 0.032882
0.000000 0.000000 0.033013
5.202817 0.010000 0.033394
17.186356 0.090000 0.102781
10.704157 0.050000 0.096149
16.589311 0.080000 0.107321
11.002679 0.040000 0.075543
4.989587 0.040000 0.061377
5.927800 0.030000 0.032180
5.501340 0.030000 0.035564
5.330756 0.000000 0.034230
5.714570 0.030000 0.032702
5.543986 0.060000 0.043638
11.087971 0.080000 0.097899
16.077559 0.080000 0.092849
6.951305 0.040000 0.084539
0.000000 0.000000 0.030896
1.322027 -0.200000 0.032302
0.682337 -0.520000 0.032946
0.383814 -0.510000 0.034837
0.085292 -0.340000 0.032141
2.047010 -0.300000 0.032733
0.000000 0.000000 0.033434
3.496976 -0.350000 0.033458
6.482199 -0.100000 0.059418
16.418727 0.030000 0.178953
7.761580 0.030000 0.086937
7.463058 -0.020000 0.080963
8.017456 0.000000 0.076111
8.315979 -0.030000 0.084204
8.017456 -0.040000 0.080743
12.154123 -0.020000 0.092016
3.624914 0.000000 0.032078
0.000000 0.000000 0.033895
3.966082 -0.010000 0.033237
8.785085 -0.020000 0.069882
12.495291 -0.020000 0.137484
12.324707 -0.070000 0.097544
8.657147 -0.030000 0.077509
8.145394 -0.030000 0.098103
8.315979 -0.010000 0.050587
0.000000 0.000000 0.030466
8.657147 -0.010000 0.083004
30.449276 -0.070000 0.281068
8.273333 -0.020000 0.065949
13.817318 -0.050000 0.131380
13.049690 0.000000 0.121732
17.698108 -0.050000 0.138613
9.040961 -0.030000 0.072598
8.315979 0.000000 0.108412
9.510068 0.000000 0.065888
4.691065 -0.010000 0.035530
4.307250 0.000000 0.032684
4.136666 0.020000 0.034390
0.000000 0.000000 0.035478
9.510068 -0.010000 0.057419
4.563127 -0.010000 0.058380
13.689380 -0.010000 0.103410
9.424776 0.010000 0.064771
8.742439 0.000000 0.111380
9.254192 -0.010000 0.062580
4.691065 0.010000 0.038162
4.648419 0.000000 0.032992
4.435189 -0.020000 0.035169
4.904295 0.000000 0.043080
8.742439 0.000000 0.078319
14.627593 -0.020000 0.121431
14.755531 0.040000 0.124058
8.870377 0.000000 0.107615
14.329071 0.000000 0.088676
5.330756 -0.010000 0.061683
5.032233 0.000000 0.037874
4.349897 0.000000 0.032760
9.765944 0.000000 0.100213
9.893882 -0.010000 0.069881
9.765944 0.010000 0.081069
19.276012 0.000000 0.149772
10.149759 -0.010000 0.065330
7.463058 0.020000 0.083715
4.946941 0.000000 0.048378
4.861649 -0.010000 0.061117
9.723298 -0.010000 0.078213
10.277697 0.000000 0.071391
14.798177 -0.030000 0.110054
9.893882 0.000000 0.072169
5.074879 -0.020000 0.050553
5.202817 -0.010000 0.035088
6.823367 -0.010000 0.033605
7.804226 -0.030000 0.060105
2.516117 0.000000 0.033817
2.558763 -0.010000 0.032257
5.160171 0.000000 0.033770
5.074879 -0.010000 0.033423
0.000000 0.000000 0.035302
4.861649 0.000000 0.035519
10.277697 -0.010000 0.075971
15.096700 0.000000 0.102523
10.235051 0.000000 0.077146
5.586632 0.030000 0.032656
0.000000 0.000000 0.033963
4.392543 -0.020000 0.033058
5.074879 -0.010000 0.035878
5.202817 0.010000 0.032814
4.648419 0.010000 0.034025
5.458694 -0.030000 0.032837
9.723298 0.000000 0.110340
15.480514 0.010000 0.087779
10.235051 -0.020000 0.084352
10.235051 0.000000 0.074310
0.000000 0.000000 0.035393
5.330756 0.000000 0.040007
10.448281 0.000000 0.054992
15.139346 -0.030000 0.139416
10.362989 0.020000 0.056761
10.405635 -0.030000 0.091460
25.246458 -0.060000 0.184435
16.077559 -0.050000 0.123744
10.235051 0.030000 0.107529
10.533573 0.030000 0.063152
10.789449 -0.020000 0.071024
4.691065 0.020000 0.065558
21.024500 -0.010000 0.144205
15.608452 -0.020000 0.103486
10.533573 -0.010000 0.091348
10.789449 0.000000 0.073197
4.819003 0.010000 0.034740
10.832095 -0.050000 0.089768
10.277697 -0.020000 0.093224
21.536252 -0.030000 0.146203
10.832095 -0.040000 0.092726
11.130618 0.000000 0.085078
10.533573 -0.030000 0.061813
11.087971 0.000000 0.086382
9.680652 0.020000 0.077993
10.746803 -0.010000 0.101151
16.418727 -0.010000 0.111096
10.832095 0.010000 0.078484
5.543986 0.000000 0.044020
10.746803 0.000000 0.063325
5.373402 0.010000 0.033369
5.885154 -0.010000 0.037176
0.000000 0.000000 0.033185
5.416048 0.020000 0.037743
10.960033 -0.030000 0.062875
16.034913 -0.020000 0.141465
20.427455 -0.030000 0.138716
10.618865 0.020000 0.091851
16.589311 0.060000 0.104392
5.799862 -0.010000 0.046154
5.245463 0.000000 0.040279
2.686701 -0.010000 0.042259
1.108797 -0.020000 0.038946
2.260240 -1.440000 0.129220
0.469106 -0.980000 0.053267
10.661511 -1.320000 0.154257
13.689380 -0.160000 0.103869
15.608452 -0.170000 0.125212
23.583262 -0.240000 0.180589
9.638006 -0.100000 0.085879
10.021820 -0.090000 0.086392
9.893882 -0.120000 0.080312
19.148074 -0.250000 0.155728
15.096700 -0.160000 0.134671
14.926115 -0.170000 0.117251
9.638006 -0.100000 0.085808
20.000995 -0.200000 0.144908
14.883469 -0.100000 0.105489
10.533573 -0.070000 0.111553
14.371717 -0.150000 0.121914
15.395222 -0.170000 0.106399
15.096700 -0.150000 0.125745
14.968762 -0.150000 0.104218
15.181992 -0.140000 0.111371
10.277697 -0.100000 0.092549
10.235051 -0.100000 0.100408
5.074879 -0.060000 0.037353
2.729347 -0.010000 0.034513
5.458694 -0.030000 0.032235
9.765944 -0.100000 0.061943
4.861649 -0.050000 0.074094
16.034913 -0.110000 0.088725
4.989587 -0.020000 0.073586
10.277697 -0.100000 0.082073
5.074879 -0.050000 0.058562
4.776357 -0.060000 0.038796
5.416048 -0.030000 0.032977
5.160171 -0.030000 0.033837
0.000000 0.000000 0.031901
10.405635 -0.090000 0.051798
1.492612 -0.040000 0.063287
1.364673 -0.060000 0.033067
0.554399 -0.020000 0.035764
0.042646 -0.020000 0.035726
5.543986 0.030000 0.036914
1.961718 -0.010000 0.059670
6.610137 0.000000 0.078040
13.390858 -0.020000 0.103270
6.695429 -0.020000 0.075987
4.221958 -0.010000 0.053679
4.008728 -0.010000 0.029290
4.349897 -0.020000 0.034908
3.752852 -0.010000 0.040918
3.752852 -0.010000 0.033450
4.349897 -0.020000 0.036382
3.880790 0.010000 0.041492
0.000000 0.000000 0.038240
3.710206 0.010000 0.034731
4.221958 -0.010000 0.037597
7.974810 0.000000 0.067133
7.548350 -0.020000 0.092902
12.537937 -0.010000 0.121859
12.580583 -0.020000 0.088284
8.443917 -0.010000 0.088640
8.913023 0.010000 0.086919
8.102748 -0.010000 0.065311
3.838144 0.000000 0.042908
8.827731 0.010000 0.100467
9.168899 0.020000 0.084893
12.495291 0.010000 0.112672
17.015772 -0.010000 0.156440
4.392543 0.000000 0.040872
4.392543 0.010000 0.032475
4.349897 0.010000 0.037080
4.477835 -0.010000 0.036785
4.094020 0.010000 0.036148
0.000000 0.000000 0.034993
13.220274 0.030000 0.119935
14.030549 0.030000 0.095631
8.401271 0.020000 0.096870
20.896562 -0.010000 0.172426
20.171579 -0.020000 0.160274
18.039277 0.010000 0.193303
27.719929 -0.060000 0.223930
23.114156 -0.010000 0.204988
19.617180 -0.010000 0.170367
14.158487 0.010000 0.099896
23.284740 -0.050000 0.188851
24.009723 -0.030000 0.205979
4.989587 0.000000 0.062612
14.584947 -0.020000 0.104117
9.424776 -0.010000 0.097081
19.830411 -0.030000 0.137395
19.446596 -0.040000 0.152191
4.989587 -0.010000 0.066904
24.393537 -0.010000 0.186682
14.883469 -0.010000 0.108956
20.512747 -0.050000 0.156804
9.595360 0.000000 0.090593
15.395222 0.000000 0.125632
14.584947 -0.030000 0.109782
10.192405 -0.030000 0.091119
15.181992 -0.040000 0.126514
10.362989 0.010000 0.076007
15.651098 -0.030000 0.117464
10.021820 0.010000 0.062812
5.117525 -0.010000 0.067079
15.395222 -0.010000 0.092857
10.277697 0.010000 0.107094
20.384809 0.030000 0.138898
20.512747 -0.060000 0.193122
20.725977 -0.030000 0.121954
5.501340 -0.010000 0.061553
15.523160 -0.030000 0.099464
9.510068 -0.030000 0.077925
16.205497 -0.040000 0.129076
5.501340 -0.020000 0.068281
15.608452 -0.010000 0.101669
10.064466 0.000000 0.069696
10.618865 -0.010000 0.087069
10.490927 0.000000 0.076889
5.074879 0.000000 0.032747
5.416048 -0.010000 0.042660
5.458694 0.010000 0.033196
0.000000 0.000000 0.035549
4.776357 0.000000 0.033086
21.280376 -0.030000 0.131699
11.045325 0.000000 0.096175
10.704157 -0.010000 0.067404
15.224638 -0.030000 0.120875
10.533573 -0.030000 0.083729
10.917387 0.000000 0.096016
5.671924 -0.020000 0.038115
4.520481 -0.010000 0.084766
2.473471 1.500000 0.104750
1.279381 1.910000 0.119385
7.505704 1.510000 0.079850
3.582268 0.590000 0.057730
3.966082 0.140000 0.043451
4.904295 0.020000 0.033598
2.004364 0.010000 0.041461
4.392543 0.060000 0.035381
5.757216 0.060000 0.041071
14.542301 0.070000 0.112844
9.467422 0.080000 0.072971
8.955669 0.070000 0.096593
19.190720 0.120000 0.143358
14.329071 0.140000 0.142601
9.680652 0.080000 0.048438
4.904295 0.040000 0.058531
29.041956 0.260000 0.244944
34.628588 0.270000 0.283874
14.286425 0.090000 0.092808
10.107112 0.050000 0.101536
9.765944 0.050000 0.091285
14.798177 0.130000 0.121947
19.958349 0.120000 0.134493
10.576219 0.030000 0.078417
10.405635 0.030000 0.074611
9.680652 0.070000 0.103322
10.405635 0.070000 0.087418
4.733711 0.020000 0.037368
9.808590 0.070000 0.055336
10.149759 0.070000 0.081813
15.395222 0.100000 0.139282
10.405635 0.110000 0.070042
5.032233 0.020000 0.045438
4.776357 0.030000 0.029861
5.117525 0.040000 0.035672
5.160171 0.030000 0.035445
5.458694 0.030000 0.036799
0.000000 0.000000 0.034974
5.202817 0.030000 0.038245
5.160171 0.020000 0.035509
4.989587 0.030000 0.036355
10.149759 0.080000 0.078490
10.107112 0.060000 0.053864
5.117525 0.020000 0.067183
15.565806 0.100000 0.124970
15.437868 0.120000 0.101575
15.779036 0.070000 0.132285
5.032233 0.030000 0.034731
5.373402 0.050000 0.034352
5.117525 0.030000 0.037713
11.215910 0.090000 0.074103
9.723298 0.050000 0.093174
21.024500 0.150000 0.161293
15.779036 0.110000 0.123122
10.874741 0.070000 0.057765
0.000000 0.000000 0.032683
10.533573 0.110000 0.059009
5.373402 0.030000 0.035823
4.605773 0.030000 0.037525
10.789449 0.070000 0.089100
21.450960 0.130000 0.145187
10.490927 0.050000 0.084660
15.949621 0.080000 0.140391
15.523160 0.090000 0.102939
5.586632 0.040000 0.056027
1.108797 0.030000 0.048378
1.492612 -0.140000 0.040659
0.895567 -0.520000 0.034940
2.899931 -3.010000 0.216158
8.401271 -1.430000 0.127628
12.751167 0.010000 0.112257
4.946941 -0.040000 0.060501
9.424776 -0.030000 0.068457
8.358625 -0.080000 0.068628
4.392543 -0.020000 0.073060
13.049690 -0.100000 0.083724
9.040961 -0.040000 0.099490
13.092336 -0.110000 0.113213
4.691065 -0.010000 0.048730
4.477835 -0.020000 0.035400
4.520481 -0.020000 0.031053
4.563127 -0.020000 0.033521
0.000000 0.000000 0.035474
4.563127 -0.020000 0.039085
4.733711 -0.030000 0.033482
3.966082 -0.040000 0.033270
4.946941 -0.020000 0.033692
8.913023 -0.040000 0.064413
13.774672 -0.060000 0.123263
9.851236 -0.060000 0.083971
8.785085 -0.080000 0.089066
4.563127 -0.040000 0.059621
9.083607 -0.030000 0.068914
9.510068 -0.060000 0.088158
9.168899 -0.050000 0.081182
14.457009 -0.100000 0.115069
18.892198 -0.090000 0.162711
9.552714 -0.010000 0.047205
4.691065 -0.010000 0.044544
4.520481 -0.020000 0.039437
9.893882 -0.060000 0.101435
10.192405 -0.040000 0.091106
9.211546 -0.050000 0.071619
14.584947 -0.040000 0.130067
14.243779 -0.070000 0.119081
24.777352 -0.120000 0.172360
9.979174 -0.030000 0.080507
9.893882 -0.070000 0.082596
17.740754 -0.110000 0.155078
14.329071 -0.050000 0.115799
9.851236 -0.020000 0.086970
5.160171 -0.030000 0.065995
9.851236 -0.060000 0.043605
0.000000 0.000000 0.036951
4.819003 -0.030000 0.039641
4.904295 -0.020000 0.034686
10.320343 -0.030000 0.074832
15.011408 -0.090000 0.116673
9.893882 -0.060000 0.068689
4.946941 -0.030000 0.033770
4.819003 -0.030000 0.034652
0.000000 0.000000 0.033619
4.819003 -0.020000 0.032921
5.501340 -0.020000 0.035167
30.278691 -0.210000 0.239303
19.276012 -0.100000 0.144230
10.874741 -0.030000 0.092247
15.352576 -0.070000 0.119911
10.362989 -0.060000 0.072128
10.192405 -0.050000 0.106545
16.205497 -0.090000 0.097960
14.755531 -0.080000 0.134910
15.651098 -0.050000 0.103191
10.320343 -0.040000 0.086298
15.779036 -0.060000 0.118452
26.014087 -0.140000 0.207914
21.493606 -0.040000 0.141239
15.565806 -0.030000 0.143148
15.437868 -0.060000 0.099906
10.107112 -0.030000 0.097705
37.400581 -0.120000 0.260541
11.130618 -0.060000 0.074223
15.693744 -0.090000 0.128348
16.461373 -0.060000 0.120859
15.949621 -0.090000 0.118183
48.275322 -0.170000 0.355109
16.162851 -0.030000 0.119721
10.746803 -0.040000 0.113360
16.333435 -0.080000 0.108585
16.162851 -0.050000 0.100083
6.567491 -0.050000 0.092413
2.857285 0.430000 0.075109
1.919072 1.770000 0.113558
10.107112 1.630000 0.120010
13.134982 0.150000 0.135784
14.670239 0.120000 0.103422
27.762575 0.120000 0.243403
9.595360 0.060000 0.083796
9.254192 0.070000 0.083606
9.382130 0.040000 0.092030
9.339484 0.050000 0.078669
18.806905 0.140000 0.135194
18.849552 0.110000 0.159909
9.765944 0.090000 0.106978
18.977490 0.060000 0.168240
19.233366 0.150000 0.142867
9.467422 0.080000 0.089329
18.977490 0.050000 0.130227
9.638006 0.040000 0.104788
14.926115 0.040000 0.121957
15.011408 0.110000 0.107192
9.936528 0.080000 0.092800
19.873057 0.180000 0.145530
24.308245 0.100000 0.196866
55.226627 0.420000 0.446704
28.231681 0.160000 0.232538
35.438863 0.260000 0.293520
25.544980 0.140000 0.184225
15.779036 0.150000 0.138818
10.746803 0.050000 0.093766
31.302196 0.200000 0.208903
5.160171 0.010000 0.054849
10.533573 0.040000 0.085468
15.352576 0.000000 0.095259
10.576219 -0.030000 0.098930
10.576219 0.000000 0.085327
16.034913 0.030000 0.096171
10.746803 0.040000 0.093968
10.235051 0.040000 0.061659
47.635631 0.200000 0.381260
76.208481 0.310000 0.553036
10.576219 0.030000 0.069411
10.362989 0.040000 0.079624
16.376081 0.050000 0.135567
10.405635 0.090000 0.088857
11.386494 0.020000 0.071181
16.418727 0.100000 0.125777
16.290789 0.100000 0.126199
16.802541 0.110000 0.126429
15.736390 0.060000 0.116903
12.537937 0.090000 0.122534
3.113161 -0.060000 0.138847
1.961718 -0.580000 0.108066
0.724983 -0.710000 0.154205
1.151443 -1.030000 0.132740
0.383814 -0.910000 0.146394
11.898246 -1.200000 0.190294
12.708521 -0.030000 0.103498
12.239415 -0.010000 0.143559
15.992267 -0.020000 0.144518
25.246458 -0.040000 0.255257
12.623229 -0.030000 0.087459
12.964397 -0.010000 0.121645
34.159481 -0.010000 0.339062
21.792129 -0.010000 0.213873
22.303881 -0.010000 0.179794
8.188040 -0.020000 0.068887
18.252507 -0.030000 0.178302
76.165835 -0.270000 0.759941
8.358625 0.030000 0.141398
16.674603 0.020000 0.168535
23.924431 -0.020000 0.227300
7.377766 -0.010000 0.088972
12.239415 -0.030000 0.114202
5.885154 0.010000 0.102401
11.770308 -0.010000 0.132696
7.974810 0.000000 0.055027
13.177628 -0.010000 0.132210
12.239415 -0.020000 0.133848
11.471786 -0.050000 0.154297
13.134982 -0.010000 0.155816
12.324707 -0.020000 0.121766
11.770308 -0.020000 0.095255
7.846872 -0.010000 0.099353
12.580583 0.050000 0.101728
11.514432 -0.020000 0.148815
16.546665 0.000000 0.145476
75.952605 -0.110000 0.852742
15.224638 0.070000 0.245691
12.409999 -0.020000 0.120385
7.292474 0.040000 0.069949
11.898246 0.020000 0.106967
11.727662 0.020000 0.131819
12.282061 -0.010000 0.132281
20.725977 -0.010000 0.180089
16.845187 0.030000 0.153986
7.548350 -0.010000 0.094806
75.782020 0.000000 0.730753
2.089656 -0.040000 0.074823
17.229002 0.040000 0.199946
68.873361 -0.050000 0.682500
11.386494 -0.020000 0.149419
14.457009 -0.020000 0.139738
8.870377 -0.010000 0.116750
27.378760 -0.020000 0.272407
65.461678 -0.040000 0.614695
76.336419 0.060000 0.797441
13.262920 0.020000 0.202524
4.349897 0.010000 0.064591
13.604088 -0.010000 0.118323
6.823367 -0.020000 0.074935
27.975805 0.070000 0.281938
52.881095 -0.010000 0.533692
25.758211 0.040000 0.231850
80.473085 -0.030000 2.368602
0.000000 0.010000 0.077673
0.000000 0.000000 0.041291
2.729347 0.000000 0.075058
30.534568 -0.010000 0.288619
32.880100 0.000000 0.348678
12.665875 -0.010000 0.107246
12.409999 -0.050000 0.125362
0.000000 0.000000 0.014394
20.896562 -0.020000 0.172151
8.401271 -0.030000 0.076179
4.392543 0.000000 0.064709
4.179312 -0.010000 0.040375
12.836459 -0.020000 0.116219
17.484878 0.010000 0.134342
8.529209 0.000000 0.082699
9.168899 -0.010000 0.106206
8.443917 -0.010000 0.085399
13.433504 -0.010000 0.111387
8.955669 0.000000 0.062924
4.392543 -0.010000 0.043601
0.000000 0.000000 0.018072
8.785085 0.010000 0.049929
13.305566 -0.020000 0.132404
13.604088 -0.020000 0.120558
59.405940 0.030000 0.535713
4.989587 0.000000 0.026714
13.689380 0.010000 0.110814
4.648419 0.020000 0.062729
9.339484 0.030000 0.055194
14.286425 0.030000 0.151092
9.638006 0.020000 0.055062
13.561442 0.020000 0.128997
19.745118 0.030000 0.172096
13.859964 -0.010000 0.111645
14.542301 0.020000 0.133746
9.510068 0.000000 0.071168
9.808590 0.000000 0.068766
9.979174 0.020000 0.080376
9.638006 -0.020000 0.066618
5.160171 0.010000 0.054101
9.680652 0.010000 0.090004
19.958349 0.010000 0.153457
19.148074 0.000000 0.143032
10.490927 -0.020000 0.086033
9.382130 -0.020000 0.101013
9.979174 0.020000 0.070419
20.086287 0.020000 0.163679
10.533573 0.000000 0.060982
14.371717 -0.040000 0.113738
4.733711 0.000000 0.068398
5.586632 0.000000 0.047081
15.224638 -0.020000 0.087340
9.638006 0.020000 0.095780
5.671924 -0.020000 0.041029
5.032233 0.010000 0.051479
9.723298 0.000000 0.085693
10.021820 0.010000 0.081517
10.277697 0.020000 0.050420
5.543986 0.010000 0.068231
15.011408 0.020000 0.092426
10.021820 0.000000 0.085139
16.034913 -0.010000 0.117365
9.851236 0.000000 0.075647
5.202817 0.010000 0.063112
15.523160 0.000000 0.092644
14.968762 0.000000 0.142789
10.789449 0.010000 0.088012
16.077559 0.020000 0.108065
15.565806 0.020000 0.109786
4.819003 0.030000 0.053479
16.248143 -0.010000 0.105266
10.490927 -0.030000 0.077861
10.107112 -0.010000 0.075289
5.714570 0.020000 0.069699
15.224638 -0.020000 0.124430
10.746803 -0.010000 0.062820
10.405635 -0.010000 0.072095
15.779036 0.000000 0.125952
27.208176 0.010000 0.204102
10.277697 -0.020000 0.080004
10.405635 0.000000 0.081849
13.262920 0.040000 0.120452
5.671924 -0.010000 0.049434
4.946941 0.000000 0.037244
11.471786 0.020000 0.070632
10.320343 0.000000 0.081194
10.661511 0.020000 0.075798
11.130618 -0.010000 0.064362
10.490927 0.010000 0.101852
11.215910 -0.010000 0.059960
5.373402 -0.010000 0.066845
10.405635 0.010000 0.066053
10.960033 0.010000 0.061162
27.591991 -0.010000 0.214225
5.330756 0.000000 0.053077
11.258556 0.000000 0.084754
54.544290 -0.040000 0.405487
16.631957 0.030000 0.094248
10.874741 0.000000 0.097822
11.215910 0.010000 0.082206
11.599724 0.010000 0.069206
21.536252 0.050000 0.140165
6.141030 0.000000 0.054769
11.215910 0.010000 0.101321
11.215910 0.000000 0.046304
5.458694 0.010000 0.052797
5.799862 0.010000 0.037295
11.173264 0.010000 0.073929
5.543986 0.000000 0.066280
11.429140 0.010000 0.073875
22.303881 0.060000 0.155108
11.386494 0.030000 0.061508
5.288109 -0.020000 0.045908
6.354261 0.000000 0.053496
17.356940 0.020000 0.114162
16.674603 0.000000 0.135147
5.543986 0.020000 0.045974
11.514432 0.030000 0.071261
0.255876 0.000000 0.040899
3.966082 -2.780000 0.147496
1.791134 -2.280000 0.107775
2.814639 -2.580000 0.154259
10.704157 -3.150000 0.155455
19.446596 -0.380000 0.145188
10.235051 -0.130000 0.088020
9.424776 -0.060000 0.057186
1.620550 -0.050000 0.040149
2.260240 0.880000 0.121622
0.852921 0.710000 0.088259
0.597045 0.480000 0.042549
1.279381 0.880000 0.090790
8.443917 1.710000 0.158592
8.102748 0.020000 0.056956
8.998315 0.070000 0.091611
12.409999 0.030000 0.144023
25.800857 0.050000 0.213336
43.200443 0.180000 0.396559
4.648419 -0.010000 0.038948
8.486563 0.010000 0.073322
4.563127 -0.010000 0.046577
8.358625 0.020000 0.073842
17.783400 0.010000 0.168859
4.733711 0.000000 0.061992
27.165530 0.030000 0.233840
13.518796 -0.010000 0.109369
4.733711 0.000000 0.039096
4.776357 -0.010000 0.052394
13.689380 0.010000 0.098620
13.987902 0.040000 0.116325
4.094020 0.010000 0.039845
4.989587 0.000000 0.047126
9.339484 0.000000 0.090855
5.032233 0.000000 0.050195
9.296838 0.010000 0.081341
9.296838 0.020000 0.077316
5.117525 0.010000 0.024777
9.339484 0.000000 0.088033
8.998315 0.000000 0.060652
4.946941 0.010000 0.067234
9.936528 0.050000 0.067491
4.648419 -0.010000 0.061618
9.126253 0.010000 0.068360
9.893882 0.040000 0.083595
28.871372 0.000000 0.216687
4.691065 0.010000 0.054843
9.723298 0.010000 0.060937
4.989587 0.020000 0.050249
9.552714 0.020000 0.080373
9.126253 0.020000 0.082956
5.245463 0.000000 0.057557
10.149759 0.030000 0.061661
4.733711 0.000000 0.043433
4.605773 -0.010000 0.040264
9.851236 0.050000 0.096044
14.627593 0.020000 0.096484
9.638006 0.010000 0.074621
15.054054 0.010000 0.123439
5.074879 0.000000 0.068117
60.173568 0.070000 0.463760
0.000000 0.000000 0.000291
17.356940 0.000000 0.144934
15.651098 0.040000 0.141488
10.064466 0.010000 0.080562
30.278691 0.020000 0.215425
15.693744 0.030000 0.135065
30.406629 0.000000 0.254430
9.510068 -0.060000 0.079913
10.107112 -0.050000 0.165917
9.680652 -0.020000 0.092348
10.533573 -0.020000 0.103675
7.676288 -0.040000 0.060739
7.164535 -0.010000 0.089977
12.452645 -0.040000 0.104374
4.008728 -0.020000 0.058986
8.315979 -0.040000 0.071811
11.855600 0.020000 0.102856
12.068830 -0.010000 0.130554
8.529209 0.000000 0.104537
4.136666 -0.010000 0.010158
8.358625 0.000000 0.083306
12.324707 -0.040000 0.123502
8.827731 0.010000 0.071874
12.708521 0.010000 0.146138
12.409999 -0.040000 0.107332
13.945256 -0.020000 0.112737
8.230687 0.020000 0.093509
12.964397 -0.020000 0.094118
13.177628 0.000000 0.135111
26.994946 -0.020000 0.248744
30.918382 0.030000 0.261961
14.627593 0.000000 0.123091
22.346527 0.010000 0.221953
14.158487 0.010000 0.124397
32.709516 -0.010000 0.268684
28.146389 -0.020000 0.237499
10.192405 0.010000 0.074810
4.477835 0.000000 0.058674
9.680652 0.000000 0.070471
42.560752 0.030000 0.357972
38.679962 0.010000 0.333096
10.661511 0.000000 0.061473
14.926115 -0.030000 0.128339
14.542301 0.020000 0.118688
9.467422 0.010000 0.090543
15.309930 0.010000 0.101795
10.533573 0.010000 0.086096
24.990582 0.020000 0.204190
14.883469 0.000000 0.105858
15.352576 -0.010000 0.141447
20.299517 -0.010000 0.137101
30.406629 -0.020000 0.248168
8.571855 0.000000 0.109635
1.108797 0.210000 0.067328
0.639691 1.060000 0.079258
1.151443 1.450000 0.087536
1.194089 0.700000 0.059588
9.040961 1.200000 0.078633
24.137661 0.180000 0.193090
8.998315 0.040000 0.086283
27.293468 0.110000 0.252705
9.680652 0.020000 0.073543
9.552714 0.070000 0.080181
5.032233 0.020000 0.045810
6.908659 0.040000 0.069134
16.461373 0.020000 0.134950
21.621544 0.040000 0.165284
5.117525 0.000000 0.071774
24.564121 0.110000 0.163825
4.691065 0.030000 0.046044
4.733711 0.040000 0.067697
19.489242 0.120000 0.137350
14.627593 0.080000 0.120464
5.288109 0.040000 0.038358
5.117525 0.060000 0.053163
14.712885 0.050000 0.103389
10.064466 0.080000 0.109469
10.235051 0.060000 0.060774
9.723298 0.080000 0.093801
10.107112 0.090000 0.080687
9.808590 0.070000 0.080624
25.161166 0.150000 0.170823
10.448281 0.080000 0.089300
10.235051 0.070000 0.069739
15.139346 0.100000 0.136928
16.077559 0.100000 0.101769
10.235051 0.080000 0.083411
35.865323 0.250000 0.291897
10.320343 0.040000 0.077198
26.056733 0.120000 0.212842
15.608452 0.110000 0.128052
26.227317 0.180000 0.184484
26.824362 0.170000 0.184796
15.693744 0.060000 0.151714
31.387489 0.210000 0.241093
11.130618 0.070000 0.072602
5.032233 0.030000 0.038898
15.054054 0.090000 0.094853
53.009033 0.070000 0.417049
0.000000 0.000000 0.000394
31.984533 0.080000 0.220053
10.277697 0.030000 0.106573
31.131612 0.130000 0.232434
36.888828 0.090000 0.273090
26.056733 0.060000 0.188043
11.301202 0.070000 0.079955
15.054054 0.030000 0.146322
11.215910 0.040000 0.064223
15.523160 0.020000 0.124272
43.498965 0.170000 0.313916
27.165530 0.180000 0.212006
16.248143 0.090000 0.105112
16.546665 0.160000 0.117494
16.034913 0.120000 0.146244
38.978484 0.360000 0.288158
5.671924 0.040000 0.036059
22.602403 0.160000 0.127995
5.416048 0.070000 0.111213
2.558763 -1.750000 0.092937
0.298522 -0.770000 0.044386
1.620550 -2.150000 0.125937
0.980859 -0.800000 0.061930
8.785085 -1.400000 0.041940
8.401271 -0.090000 0.080242
9.040961 -0.160000 0.096521
10.277697 -0.120000 0.097440
9.552714 -0.170000 0.077493
9.595360 -0.110000 0.057454
55.482503 -0.620000 0.482360
0.000000 0.000000 0.003982
19.617180 -0.170000 0.172773
19.659826 -0.190000 0.159005
9.382130 -0.080000 0.065283
24.649414 -0.180000 0.217979
9.936528 -0.050000 0.057618
4.648419 0.000000 0.064969
10.064466 -0.030000 0.058642
14.542301 -0.060000 0.126040
35.055048 -0.170000 0.267469
9.765944 -0.030000 0.104115
9.851236 -0.040000 0.058776
5.288109 -0.020000 0.049535
9.765944 -0.040000 0.096864
14.670239 -0.080000 0.121414
20.086287 -0.100000 0.158885
5.373402 -0.020000 0.043077
20.598039 -0.130000 0.122330
10.533573 -0.140000 0.092324
10.277697 -0.110000 0.082835
21.067146 -0.310000 0.147297
10.533573 -0.140000 0.108959
15.608452 -0.270000 0.106488
10.448281 -0.200000 0.064686
7.718934 -0.150000 0.118875
2.942577 3.000000 0.213888
2.516117 2.270000 0.167328
0.341168 1.310000 0.088774
9.424776 2.590000 0.142915
9.126253 0.160000 0.099253
14.329071 -0.100000 0.118181
8.571855 -0.010000 0.072729
17.570170 -0.050000 0.173618
17.527524 -0.070000 0.145031
18.081923 -0.070000 0.140970
4.221958 -0.020000 0.067255
18.167215 -0.060000 0.167070
17.953985 -0.020000 0.137298
27.805221 -0.040000 0.257554
14.755531 0.040000 0.111363
8.742439 0.020000 0.066456
9.168899 0.060000 0.087995
23.284740 0.110000 0.210004
9.723298 0.010000 0.088124
9.893882 0.060000 0.076929
23.497970 0.090000 0.171579
28.530204 0.120000 0.238476
14.457009 0.080000 0.150048
9.765944 0.060000 0.066192
9.851236 0.060000 0.091914
9.467422 0.060000 0.053408
7.292474 0.060000 0.077170
17.527524 0.120000 0.136470
35.310925 0.290000 0.266126
4.648419 0.040000 0.054139
35.353571 0.280000 0.267938
30.747798 0.190000 0.249886
12.282061 -2.540000 0.354050
1.279381 -2.200000 0.190206
0.682337 -1.300000 0.098559
0.383814 -0.730000 0.051191
7.548350 -1.140000 0.069633
7.548350 -0.210000 0.063948
8.870377 -0.060000 0.100685
13.859964 -0.030000 0.103122
39.874051 -0.190000 0.367834
68.361609 -0.350000 0.588768
0.000000 0.000000 0.004438
9.211546 -0.040000 0.094076
11.045325 -0.040000 0.106346
9.552714 -0.040000 0.079335
14.371717 -0.070000 0.151497
9.467422 -0.040000 0.078733
9.680652 -0.080000 0.043956
14.201133 -0.050000 0.135947
9.126253 -0.080000 0.084074
10.448281 -0.050000 0.088849
32.837454 -0.180000 0.280316
14.798177 -0.060000 0.108881
14.670239 -0.070000 0.131843
9.765944 -0.110000 0.082084
24.393537 -0.100000 0.192499
15.608452 -0.070000 0.131672
9.552714 -0.080000 0.074489
19.702472 -0.080000 0.137814
5.074879 -0.020000 0.043341
9.680652 -0.070000 0.077492
8.870377 -0.020000 0.129097
1.919072 0.680000 0.075363
0.938213 0.720000 0.096552
0.980859 0.800000 0.076148
1.151443 0.740000 0.091938
11.940892 1.180000 0.095724
8.273333 -0.020000 0.093283
9.851236 0.030000 0.087325
17.740754 0.100000 0.157604
12.879105 0.070000 0.088424
22.175943 0.160000 0.235602
17.996631 0.130000 0.126726
4.563127 0.030000 0.074892
18.593675 0.070000 0.150962
13.348212 0.060000 0.099261
23.881785 0.120000 0.207901
9.083607 -0.030000 0.151280
0.170584 -0.020000 0.222815
0.298522 0.000000 0.131743
0.085292 0.000000 0.141691
0.000000 0.000000 0.056546
0.000000 0.000000 0.100046
0.000000 0.000000 0.100660
0.000000 0.000000 0.117525
0.000000 0.000000 0.214865
0.000000 0.000000 0.441064
0.000000 0.000000 0.134764
0.000000 0.000000 0.127753
0.000000 0.000000 0.214736
0.000000 0.000000 0.300421
0.000000 0.000000 0.146169
0.000000 0.000000 0.146370
0.000000 0.000000 0.124202
0.000000 0.000000 0.446181
0.000000 0.000000 0.298123
0.000000 0.000000 1.290321
0.000000 0.000000 0.229419
0.000000 0.000000 0.099566
0.000000 0.000000 0.127385
0.000000 0.000000 0.105863
0.000000 0.000000 0.202187
0.000000 0.000000 0.731893
0.000000 0.000000 0.136696
0.000000 0.000000 0.257002
0.000000 0.000000 0.103081
0.000000 0.000000 0.494680
0.000000 0.000000 0.281104
0.000000 0.000000 0.167828
0.000000 0.000000 0.438919
0.000000 0.000000 0.110881
0.000000 0.000000 0.523160
0.000000 0.000000 0.415143
0.000000 0.000000 0.227679
0.000000 0.000000 0.086312
0.000000 0.000000 0.036304
0.000000 0.000000 0.063840
0.000000 0.000000 0.084825
0.000000 0.000000 0.160883
0.000000 0.000000 0.231710
0.000000 0.000000 0.532939
0.000000 0.000000 0.451049
0.000000 0.000000 0.500313
0.000000 0.000000 0.167341
0.000000 0.000000 0.234576
0.000000 0.000000 0.328310
0.000000 0.000000 0.356959
0.000000 0.000000 0.282096
0.000000 0.000000 0.119301
0.000000 0.000000 0.320347
0.000000 0.000000 0.128395
0.000000 0.000000 0.162052
0.000000 0.000000 0.512762
0.000000 0.000000 0.131175
0.000000 0.000000 0.297448
0.000000 0.000000 0.289256
0.000000 0.000000 0.176187
0.000000 0.000000 0.136597
0.000000 0.000000 0.220283
0.000000 0.000000 0.237608
0.000000 0.000000 0.222830
0.000000 0.000000 0.217377
0.000000 0.000000 0.207556
0.000000 0.000000 0.111117
0.000000 0.000000 0.129199
0.000000 0.000000 0.143713
0.000000 0.000000 0.107925
0.000000 0.000000 0.202655
0.000000 0.000000 0.100704
0.000000 0.000000 0.376706
0.000000 0.000000 0.480012
0.000000 0.000000 0.061331
0.000000 0.000000 0.173005
0.000000 0.000000 0.126709
0.000000 0.000000 0.128655
0.000000 0.000000 0.268739
0.000000 0.000000 0.084705
0.000000 0.000000 0.191037
0.000000 0.000000 0.198982
0.000000 0.000000 0.196918
0.000000 0.000000 0.284722
0.000000 0.000000 0.136671
0.000000 0.000000 0.234315
0.000000 0.000000 0.163671
0.000000 0.000000 0.123022
0.000000 0.000000 0.199186
0.000000 0.000000 0.142605
0.000000 0.000000 0.094042
0.000000 0.000000 0.124597
0.000000 0.000000 0.102461
0.000000 0.000000 0.428941
0.000000 0.000000 0.121262
0.000000 0.000000 0.073268
0.000000 0.000000 0.143874
0.000000 0.000000 0.121358
0.000000 0.000000 0.081458
0.000000 0.000000 0.092291
0.000000 0.000000 0.075095
0.000000 0.000000 0.079392
0.000000 0.000000 0.070845
0.000000 0.000000 0.096807
0.000000 0.000000 0.162957
0.000000 0.000000 0.082961
0.000000 0.000000 0.118175
0.000000 0.000000 0.114017
0.000000 0.000000 0.295524
0.000000 0.000000 0.066241
0.000000 0.000000 0.102534
0.000000 0.000000 0.142227
0.000000 0.000000 0.113319
0.000000 0.000000 0.231935
0.000000 0.000000 0.071721
0.000000 0.000000 0.087218
0.000000 0.000000 0.130844
0.000000 0.000000 0.095403
0.000000 0.000000 0.121826
0.000000 0.000000 0.158826
0.000000 0.000000 0.113617
0.000000 0.000000 0.136943
0.000000 0.000000 0.094801
0.000000 0.000000 0.072520
0.000000 0.000000 0.167934
0.000000 0.000000 0.181790
0.000000 0.000000 0.115337
0.000000 0.000000 0.089093
0.000000 0.000000 0.166357
0.000000 0.000000 0.050095
0.000000 0.000000 0.155099
0.000000 0.000000 0.179134
0.000000 0.000000 0.153354
0.000000 0.000000 0.211501
0.000000 0.000000 0.228392
0.000000 0.000000 0.176141
0.000000 0.000000 0.132974
0.000000 0.000000 0.146799
0.000000 0.000000 0.190357
0.000000 0.000000 0.127400
0.000000 0.000000 0.139514
0.000000 0.000000 0.144999
0.000000 0.000000 0.359113
0.000000 0.000000 0.091870
0.000000 0.000000 0.123980
0.000000 0.000000 0.176368
0.000000 0.000000 0.122202
0.000000 0.000000 0.086376
0.000000 0.000000 0.085888
0.000000 0.000000 0.140455
0.000000 0.000000 0.105399
0.000000 0.000000 0.282651
0.000000 0.000000 0.083900
0.000000 0.000000 0.129232
0.000000 0.000000 0.109125
0.000000 0.000000 0.085481
0.000000 0.000000 0.075359
0.000000 0.000000 0.132952
0.000000 0.000000 0.115799
0.000000 0.000000 0.110103
0.000000 0.000000 0.077807
0.000000 0.000000 0.079609
0.000000 0.000000 0.094900
0.000000 0.000000 0.176199
0.000000 0.000000 0.102470
0.000000 0.000000 0.230966
0.000000 0.000000 0.180344
0.000000 0.000000 0.062235
0.000000 0.000000 0.086690
0.000000 0.000000 0.101874
0.000000 0.000000 0.189359
0.000000 0.000000 0.138446
0.000000 0.000000 0.253075
0.000000 0.000000 0.145629
0.000000 0.000000 0.206302
0.000000 0.000000 0.516579
0.000000 0.000000 0.071532
0.000000 0.000000 0.231256
0.000000 0.000000 0.066458
0.000000 0.000000 0.104378
0.000000 0.000000 0.057310
0.000000 0.000000 0.120181
0.000000 0.000000 0.105957
0.000000 0.000000 0.105274
0.000000 0.000000 0.245970
0.000000 0.000000 0.161617
0.000000 0.000000 0.259818
0.000000 0.000000 0.130732
0.000000 0.000000 0.155129
0.000000 0.000000 0.100780
0.000000 0.000000 0.202127
0.000000 0.000000 0.199539
0.000000 0.000000 0.125276
0.000000 0.000000 0.322896
0.000000 0.000000 0.214723
0.000000 0.000000 0.220244
0.000000 0.000000 0.149239
0.000000 0.000000 0.163793
0.000000 0.000000 0.148482
0.000000 0.000000 0.108091
0.000000 0.000000 0.071553
0.000000 0.000000 0.069651
0.000000 0.000000 0.134578
0.000000 0.000000 0.124060
0.000000 0.000000 0.332945
0.000000 0.000000 0.187820
0.000000 0.000000 0.114713
0.000000 0.000000 0.108444
0.000000 0.000000 0.202909
0.000000 0.000000 0.238284
0.000000 0.000000 0.193916
0.000000 0.000000 0.077784
0.000000 0.000000 0.180464
0.000000 0.000000 0.185634
0.000000 0.000000 0.107327
0.000000 0.000000 0.076012
0.000000 0.000000 0.082127
0.000000 0.000000 0.083263
0.000000 0.000000 0.064652
0.000000 0.000000 0.103319
0.000000 0.000000 0.069678
0.000000 0.000000 0.144316
0.000000 0.000000 0.107482
0.000000 0.000000 0.123787
0.000000 0.000000 0.086019
0.000000 0.000000 0.093675
0.000000 0.000000 0.045362
0.000000 0.000000 0.083463
0.000000 0.000000 0.101929
0.000000 0.000000 0.102084
0.000000 0.000000 0.140113
0.000000 0.000000 0.119570
0.000000 0.000000 0.174930
0.000000 0.000000 0.119449
0.000000 0.000000 0.201280
0.000000 0.000000 0.068103
0.000000 0.000000 0.144983
0.000000 0.000000 0.080558
0.000000 0.000000 0.082456
0.000000 0.000000 0.135305
0.000000 0.000000 0.102289
0.000000 0.000000 0.070157
0.000000 0.000000 0.103895
0.000000 0.000000 0.174594
0.000000 0.000000 0.051767
0.000000 0.000000 0.074224
0.000000 0.000000 0.107496
0.000000 0.000000 0.082790
0.000000 0.000000 0.090897
0.000000 0.000000 0.157484
0.000000 0.000000 0.080440
0.000000 0.000000 0.074962
0.000000 0.000000 0.088834
0.000000 0.000000 0.193671
0.000000 0.000000 0.046542
0.000000 0.000000 0.122338
0.000000 0.000000 0.095004
0.000000 0.000000 0.105826
0.000000 0.000000 0.156307
0.000000 0.000000 0.124250
0.000000 0.000000 0.094715
0.000000 0.000000 0.181963
0.000000 0.000000 0.082042
0.000000 0.000000 0.253209
0.000000 0.000000 0.116457
0.000000 0.000000 0.223391
0.000000 0.000000 0.102864
0.000000 0.000000 0.101583
0.000000 0.000000 0.136815
0.000000 0.000000 0.122979
0.000000 0.000000 0.087330
0.000000 0.000000 0.059956
0.000000 0.000000 0.108963
0.000000 0.000000 0.236458
0.000000 0.000000 0.181641
0.000000 0.000000 0.041961
0.000000 0.000000 0.132471
0.000000 0.000000 0.145907
0.000000 0.000000 0.134936
0.000000 0.000000 0.132710
0.000000 0.000000 0.066131
0.000000 0.000000 0.091344
0.000000 0.000000 0.087041
0.000000 0.000000 0.157905
0.000000 0.000000 0.110201
0.000000 0.000000 0.183677
0.000000 0.000000 0.073215
0.000000 0.000000 0.209797
0.000000 0.000000 0.111550
0.000000 0.000000 0.160450
0.000000 0.000000 0.091066
0.000000 0.000000 0.088722
0.000000 0.000000 0.199213
0.000000 0.000000 0.144898
0.000000 0.000000 0.099791
0.000000 0.000000 0.247353
0.000000 0.000000 0.282801
0.000000 0.000000 0.356267
0.000000 0.000000 0.187395
0.000000 0.000000 0.121724
0.000000 0.000000 0.256843
0.000000 0.000000 0.063083
0.000000 0.000000 0.084609
0.000000 0.000000 0.137415
0.000000 0.000000 0.170731
0.000000 0.000000 0.118751
0.000000 0.000000 0.598554
0.000000 0.000000 0.103172
0.000000 0.000000 0.123333
0.000000 0.000000 0.204450
0.000000 0.000000 0.489294
0.000000 0.000000 0.113178
0.000000 0.000000 0.472855
0.000000 0.000000 0.099774
0.000000 0.000000 0.104902
0.000000 0.000000 0.132082
0.000000 0.000000 0.122300
0.000000 0.000000 0.174453
0.000000 0.000000 0.241500
0.000000 0.000000 0.156207
0.000000 0.000000 0.141297
0.000000 0.000000 0.143451
0.000000 0.000000 0.114265
0.000000 0.000000 0.154697
0.000000 0.000000 0.164987
0.000000 0.000000 0.096819
0.000000 0.000000 0.115256
0.000000 0.000000 0.173394
0.000000 0.000000 0.071683
0.000000 0.000000 0.092477
0.000000 0.000000 0.202312
0.000000 0.000000 0.107640
0.000000 0.000000 0.139535
0.000000 0.000000 0.120925
0.000000 0.000000 0.170495
0.000000 0.000000 0.324212
0.000000 0.000000 0.163484
0.000000 0.000000 0.190506
0.000000 0.000000 0.208430
0.000000 0.000000 0.096191
0.000000 0.000000 0.069777
0.000000 0.000000 0.174486
0.000000 0.000000 0.180378
0.000000 0.000000 0.079130
0.000000 0.000000 0.089123
0.000000 0.000000 0.122545
0.000000 0.000000 0.131055
0.000000 0.000000 0.257932
0.000000 0.000000 0.162039
0.000000 0.000000 0.157552
0.000000 0.000000 0.178592
0.000000 0.000000 0.111926
0.000000 0.000000 0.271338
0.000000 0.000000 0.126499
0.000000 0.000000 0.187632
0.000000 0.000000 0.071848
0.000000 0.000000 0.130508
0.000000 0.000000 0.503292
0.000000 0.000000 0.092019
0.000000 0.000000 0.065730
0.000000 0.000000 0.438175
0.000000 0.000000 0.087426
0.000000 0.000000 0.215630
0.000000 0.000000 0.077763
0.000000 0.000000 0.344685
0.000000 0.000000 0.076924
0.000000 0.000000 0.142229
0.000000 0.000000 0.456295
0.000000 0.000000 0.131416
0.000000 0.000000 0.307153
0.000000 0.000000 0.317861
0.000000 0.000000 0.135035
0.000000 0.000000 0.233659
0.000000 0.000000 0.634982
0.000000 0.000000 0.177292
0.000000 0.000000 0.231443
0.000000 0.000000 0.090527
0.000000 0.000000 0.095155
0.000000 0.000000 0.301479
0.000000 0.000000 0.163828
0.000000 0.000000 0.264054
0.000000 0.000000 0.181770
0.000000 0.000000 0.095766
0.000000 0.000000 0.126191
0.000000 0.000000 0.248417
0.000000 0.000000 0.320505
0.000000 0.000000 0.156757
0.000000 0.000000 0.158079
0.000000 0.000000 0.124254
0.000000 0.000000 0.229898
0.000000 0.000000 0.228778
0.000000 0.000000 0.079094
0.000000 0.000000 0.166572
0.000000 0.000000 0.078243
0.000000 0.000000 0.085214
0.000000 0.000000 0.124061
0.000000 0.000000 0.328585
0.000000 0.000000 0.143913
0.000000 0.000000 0.215795
0.000000 0.000000 0.345420
0.000000 0.000000 0.089129
0.000000 0.000000 0.073588
0.000000 0.000000 0.176254
0.000000 0.000000 0.102857
0.000000 0.000000 0.141658
0.000000 0.000000 0.098207
0.000000 0.000000 0.144098
0.000000 0.000000 0.069658
0.000000 0.000000 0.150190
0.000000 0.000000 0.233258
0.000000 0.000000 0.070893
0.000000 0.000000 0.104857
0.000000 0.000000 0.070845
0.000000 0.000000 0.086595
0.000000 0.000000 0.097823
0.000000 0.000000 0.115792
0.000000 0.000000 0.084229
0.000000 0.000000 0.110185
0.000000 0.000000 0.164617
0.000000 0.000000 0.119692
0.000000 0.000000 0.309598
0.000000 0.000000 0.073188
0.000000 0.000000 0.303928
0.000000 0.000000 0.237390
0.000000 0.000000 0.355741
0.000000 0.000000 0.524297
0.000000 0.000000 0.050478
0.000000 0.000000 0.124136
0.000000 0.000000 0.070497
0.000000 0.000000 0.427839
0.000000 0.000000 0.107034
0.000000 0.000000 0.200651
0.000000 0.000000 0.187172
0.000000 0.000000 0.214521
0.000000 0.000000 0.138784
0.000000 0.000000 0.063141
0.000000 0.000000 0.229407
0.000000 0.000000 0.194538
0.000000 0.000000 0.306446
0.000000 0.000000 0.107729
0.000000 0.000000 0.366215
0.000000 0.000000 0.239944
0.000000 0.000000 0.465758
