0.000000 0.000000 0.000000
0.000000 0.000000 0.029200
0.038239 0.000000 0.028534
0.042163 0.000000 0.031462
0.039419 0.000000 0.033700
0.039846 0.000000 0.034065
0.038662 0.000000 0.033134
0.067084 0.000000 0.057492
0.038202 0.000000 0.029817
0.033283 0.000000 0.025978
0.052744 0.000000 0.037150
0.055019 0.000000 0.038752
0.052347 0.000000 0.043817
0.049069 0.000000 0.041073
0.041580 0.000000 0.043480
0.034243 0.000000 0.042667
0.033173 0.000000 0.041334
0.035198 0.000000 0.043367
0.035202 0.000000 0.043371
0.043846 0.000000 0.044888
0.047472 0.000000 0.044147
0.051737 0.000000 0.042808
0.049529 0.000000 0.043422
0.046455 0.000000 0.040727
0.047513 0.000000 0.041655
0.033632 0.000000 0.038519
0.054631 0.000000 0.040001
0.068859 0.000000 0.073940
0.033834 0.000000 0.036330
0.034942 0.000000 0.037520
0.062568 0.000000 0.039211
0.053223 0.000000 0.038573
0.040031 0.000000 0.037764
0.040191 0.000000 0.037915
0.052009 0.000000 0.038547
0.047038 0.000000 0.039112
0.045690 0.000000 0.037991
0.047117 0.000000 0.037559
0.049563 0.000000 0.039509
0.053440 0.000000 0.039420
0.049791 0.000000 0.036728
0.046073 0.000000 0.039932
0.043220 0.000000 0.038620
0.041252 0.000000 0.036861
0.052941 0.000000 0.038084
0.050915 0.000000 0.038292
0.049245 0.000000 0.037036
0.045372 0.000000 0.038082
0.045727 0.000000 0.037324
0.046431 0.000000 0.037898
0.040634 0.000000 0.040166
0.037132 0.000000 0.036704
0.084928 0.000000 0.074148
0.032711 1.000000 0.037964
0.032734 0.000000 0.037991
0.045535 0.000000 0.038388
0.053831 0.000000 0.038411
0.053201 0.000000 0.037962
0.045803 0.000000 0.036844
0.044234 0.000000 0.038880
0.041323 0.000000 0.036321
0.054637 0.000000 0.038353
0.052895 0.000000 0.037130
0.042252 0.000000 0.038480
0.041279 0.000000 0.037594
0.045658 0.000000 0.037912
0.030209 0.000000 0.039454
0.027970 0.000000 0.036530
0.051772 0.000000 0.037359
0.051336 0.000000 0.037044
0.056075 0.000000 0.038804
0.053346 0.000000 0.036916
0.045848 0.000000 0.040487
0.053637 0.000000 0.038738
0.056392 0.000000 0.040727
0.058057 0.000000 0.042470
0.065818 0.000000 0.080597
0.020181 0.000000 0.043601
0.039286 0.000000 0.042034
0.038977 0.000000 0.041703
0.058030 0.000000 0.045293
0.055030 0.000000 0.042951
0.054195 0.000000 0.044032
0.051892 0.000000 0.042161
0.072841 0.000000 0.044096
0.052122 0.000000 0.043956
0.050640 0.000000 0.042706
0.039762 0.000000 0.038358
0.051566 0.000000 0.038720
0.048180 0.000000 0.036178
0.032696 0.000000 0.039042
0.021511 0.000000 0.025686
0.021088 0.000000 0.025181
0.035694 0.000000 0.027545
0.034116 0.000000 0.025122
0.058397 0.000000 0.043002
0.041863 0.000000 0.040996
0.063218 0.000000 0.079129
0.055455 0.000000 0.044050
0.052630 0.000000 0.041806
0.047487 0.000000 0.041963
0.045292 0.000000 0.040023
0.075661 0.000000 0.042957
0.054082 0.000000 0.042938
0.050078 0.000000 0.039759
0.047704 0.000000 0.041316
0.051809 0.000000 0.044872
0.049556 0.000000 0.042750
0.050010 0.000000 0.043727
0.039070 0.000000 0.042000
0.051579 0.000000 0.043035
0.049647 0.000000 0.041423
0.056604 0.000000 0.042577
0.055617 0.000000 0.045123
0.146941 0.000000 0.078699
0.075251 0.000000 0.040303
0.046138 0.000000 0.043237
0.044145 0.000000 0.041370
0.059167 0.000000 0.042885
0.058316 0.000000 0.045974
0.053313 0.000000 0.042030
0.053606 1.000000 0.043123
0.050090 0.000000 0.044303
0.046700 0.000000 0.041305
0.044639 0.000000 0.044099
0.047506 0.000000 0.040946
0.046743 0.000000 0.044042
0.043779 0.000000 0.041250
0.057571 0.000000 0.043142
0.057122 0.000000 0.042805
0.046457 0.000000 0.042935
0.043572 0.000000 0.043119
0.040979 0.000000 0.040553
0.101867 0.000000 0.086714
0.044966 0.000000 0.038277
0.067977 0.000000 0.050083
0.062359 0.000000 0.043064
0.052113 0.000000 0.047594
0.040281 0.000000 0.036788
0.056542 0.000000 0.039657
0.054134 0.000000 0.037968
0.034109 0.000000 0.040466
0.035191 0.000000 0.037221
0.035307 0.000000 0.037343
0.041908 0.000000 0.038818
0.042088 0.000000 0.038985
0.039767 0.000000 0.039148
0.039334 0.000000 0.038722
0.051604 0.000000 0.038407
0.050145 0.000000 0.037321
0.084601 0.000000 0.075714
0.050355 0.000000 0.038401
0.045631 0.000000 0.038830
0.030557 0.000000 0.038866
0.028624 0.000000 0.036408
0.037471 0.000000 0.037427
0.039677 0.000000 0.039630
0.098518 0.000000 0.038607
0.095012 0.000000 0.037233
0.051973 0.000000 0.039662
0.048281 0.000000 0.038301
0.047970 0.000000 0.038054
0.047421 0.000000 0.038899
0.046793 0.000000 0.038384
0.054682 0.000000 0.040417
0.038156 0.000000 0.047131
0.030069 0.000000 0.037142
0.021930 0.000000 0.027088
0.030883 0.000000 0.028042
0.031797 0.000000 0.035396
0.027073 0.000000 0.030137
0.075358 0.000000 0.058941
0.032654 0.000000 0.025540
0.037922 0.000000 0.025472
0.038197 0.000000 0.025657
0.039503 0.000000 0.031073
0.055945 0.000000 0.044006
0.047436 0.000000 0.040690
0.043683 0.000000 0.037471
0.045604 0.000000 0.038864
0.044408 0.000000 0.037844
0.040201 0.000000 0.040106
0.037722 0.000000 0.037633
0.043963 0.000000 0.040384
0.040543 0.000000 0.037242
0.043831 0.000000 0.039008
0.042041 0.000000 0.037415
0.041804 0.000000 0.037204
0.035162 0.000000 0.038315
0.062778 0.000000 0.038678
0.062875 1.000000 0.038681
0.054952 0.000000 0.038261
0.052666 0.000000 0.036669
0.115634 0.000000 0.074935
0.058244 0.000000 0.037744
0.056355 0.000000 0.039544
0.043200 0.000000 0.038826
0.041648 0.000000 0.037431
0.034677 0.000000 0.037823
0.035123 0.000000 0.038310
0.047480 0.000000 0.039024
0.042329 0.000000 0.037705
0.043306 0.000000 0.038575
0.050738 0.000000 0.038842
0.062136 0.000000 0.039944
0.136045 0.000000 0.075300
0.068485 0.000000 0.037906
0.041547 0.000000 0.040456
0.048377 0.000000 0.039032
0.048311 0.000000 0.038979
0.047877 0.000000 0.038629
0.046244 0.000000 0.039784
0.051261 0.000000 0.038493
0.050292 0.000000 0.037765
0.052430 0.000000 0.038851
0.067799 0.000000 0.038400
0.065656 0.000000 0.037186
0.069057 0.000000 0.039187
0.073607 0.000000 0.038853
0.070554 0.000000 0.037242
0.062880 0.000000 0.039934
0.295572 0.000000 0.074685
0.150871 0.000000 0.038122
0.272038 0.000000 0.040087
0.361862 0.000000 0.038808
0.504710 0.000000 0.038264
0.506040 0.000000 0.038365
0.780734 0.000000 0.038813
0.746314 0.000000 0.037102
0.752587 0.000000 0.037414
1.513446 0.000000 0.038747
1.486375 0.000000 0.038054
1.488135 0.000000 0.038099
1.871976 0.000000 0.037936
1.802998 0.000000 0.036538
2.093518 1.000000 0.038292
2.249560 0.000000 0.037568
2.239338 0.000000 0.037397
2.814565 0.000000 0.038515
2.803920 0.000000 0.038369
2.778691 0.000000 0.038024
9.487688 0.000000 0.073785
5.413820 0.000000 0.038417
5.283356 0.000000 0.037491
5.544611 0.000000 0.038921
5.703549 0.000000 0.037620
5.829844 0.000000 0.038453
6.027344 0.000000 0.040232
5.889241 0.000000 0.039907
5.595556 0.000000 0.037917
6.898830 0.000000 0.039306
6.767349 0.000000 0.038557
6.633735 0.000000 0.037796
10.193873 0.000000 0.048006
10.920001 0.000000 0.042551
11.983419 1.000000 0.040942
14.282574 0.000000 0.048797
11.895056 0.000000 0.039088
13.940907 0.000000 0.045526
23.309549 1.000000 0.075606
12.729161 0.000000 0.041288
14.678056 0.000000 0.048272
12.999588 0.000000 0.046755
11.613221 0.000000 0.041769
10.969688 0.000000 0.039454
11.836758 0.000000 0.043001
12.636745 0.000000 0.042244
15.363373 0.000000 0.048488
12.773735 0.000000 0.042923
15.234034 -1.000000 0.048226
12.992242 0.000000 0.041129
15.237106 0.000000 0.045261
12.849260 0.000000 0.038168
14.258531 0.000000 0.042354
14.782961 1.000000 0.046309
14.708881 0.000000 0.044464
14.139991 0.000000 0.042744
14.057355 0.000000 0.044363
24.995103 0.000000 0.078233
13.826211 0.000000 0.043275
14.382403 0.000000 0.043862
15.015791 1.000000 0.045021
14.198408 0.000000 0.042570
14.645308 0.000000 0.043910
16.445638 0.000000 0.045686
16.258428 -1.000000 0.043522
16.553592 0.000000 0.044312
16.947812 0.000000 0.045773
15.539494 0.000000 0.042360
15.505611 0.000000 0.044625
10.948889 0.000000 0.031511
9.682426 0.000000 0.028580
9.354412 0.000000 0.027612
10.621623 -1.000000 0.030307
14.970008 0.000000 0.042714
16.597011 0.000000 0.043800
17.670309 0.000000 0.044455
17.277589 0.000000 0.043467
18.660950 0.000000 0.043879
18.040412 0.000000 0.042420
16.397146 -1.000000 0.043914
7.437524 0.000000 0.044837
-1.200951 0.000000 0.079017
-3.165354 0.000000 0.041509
-3.274004 0.000000 0.042934
-4.275159 0.000000 0.050056
-2.296094 1.000000 0.042256
-2.341799 0.000000 0.043097
-5.077366 0.000000 0.046774
-2.156449 0.000000 0.045537
-1.812313 0.000000 0.038270
-0.988219 0.000000 0.040256
-0.936100 0.000000 0.038133
-1.457764 0.000000 0.038109
-1.430258 0.000000 0.037390
-1.711487 0.000000 0.037757
-0.622848 0.000000 0.039156
-0.598273 0.000000 0.037611
-2.422002 -1.000000 0.038935
-1.226081 0.000000 0.037779
-1.209925 0.000000 0.037281
27.530588 0.000000 0.080115
17.371761 -1.000000 0.039241
18.643693 0.000000 0.037596
18.682945 0.000000 0.037675
19.350601 0.000000 0.041043
17.439675 0.000000 0.036990
17.297576 0.000000 0.039165
15.837186 0.000000 0.037491
16.068830 0.000000 0.038039
16.975293 0.000000 0.039294
16.856436 0.000000 0.038198
16.689570 0.000000 0.037820
16.281032 0.000000 0.036894
17.984220 0.000000 0.041470
16.672765 0.000000 0.038446
30.956861 0.000000 0.073900
16.028886 0.000000 0.038264
16.118506 0.000000 0.039434
15.146895 0.000000 0.037343
15.819777 0.000000 0.039002
14.171744 1.000000 0.038197
13.942021 0.000000 0.037578
15.202692 0.000000 0.040393
14.129193 0.000000 0.039600
13.043902 0.000000 0.036558
13.748021 0.000000 0.039233
13.814072 0.000000 0.039213
12.991884 0.000000 0.036879
12.687876 0.000000 0.038580
12.301475 0.000000 0.037405
11.593387 0.000000 0.038085
11.352941 0.000000 0.037295
12.052547 0.000000 0.043992
11.632214 0.000000 0.042458
22.918178 0.000000 0.043853
23.051376 0.000000 0.044108
25.205633 0.000000 0.043157
47.273932 0.000000 0.082143
23.978041 0.000000 0.042518
23.570906 0.000000 0.041796
23.925305 0.000000 0.042791
23.613687 0.000000 0.042674
24.907910 0.000000 0.045013
14.175244 0.000000 0.040759
13.037029 0.000000 0.037486
9.790610 0.000000 0.038347
9.051828 0.000000 0.039054
8.732480 0.000000 0.037676
9.206383 0.000000 0.039184
8.685163 0.000000 0.038156
8.777422 0.000000 0.038561
11.675129 0.000000 0.051802
10.258410 0.000000 0.045516
8.964959 0.000000 0.039777
10.964604 1.000000 0.048162
18.316571 0.000000 0.082355
10.181287 0.000000 0.044887
10.530577 0.000000 0.046427
18.985368 0.000000 0.045305
19.252404 0.000000 0.045399
19.729474 0.000000 0.043883
21.554723 0.000000 0.047943
21.943171 0.000000 0.043404
22.725928 1.000000 0.043710
23.403369 0.000000 0.045013
23.258887 0.000000 0.042959
22.689897 0.000000 0.044343
21.936202 0.000000 0.042870
23.916450 0.000000 0.044645
15.987936 0.000000 0.043232
15.780116 0.000000 0.042670
20.936863 0.000000 0.080880
10.051853 0.000000 0.044284
9.858747 0.000000 0.044313
7.304829 0.000000 0.032834
6.590788 0.000000 0.029529
6.302633 0.000000 0.028238
7.678594 0.000000 0.034341
9.492955 0.000000 0.042455
28.143472 0.000000 0.046965
27.427401 0.000000 0.045770
29.165189 0.000000 0.043579
25.825601 0.000000 0.043497
26.651301 0.000000 0.044888
26.044939 0.000000 0.043842
30.051802 0.000000 0.047545
27.014794 0.000000 0.042740
25.211902 0.000000 0.043105
25.567082 0.000000 0.043712
6.882138 0.000000 0.044858
6.532047 0.000000 0.042576
6.490897 0.000000 0.042308
-5.376572 0.000000 0.044530
-4.789395 0.000000 0.044505
-4.973411 0.000000 0.051357
-4.021959 0.000000 0.041532
-7.688403 0.000000 0.079393
-5.718804 0.000000 0.044122
-3.126333 0.000000 0.048581
-2.821424 0.000000 0.043843
-3.632243 0.000000 0.045662
14.783359 0.000000 0.045473
14.297445 0.000000 0.043978
20.062425 0.000000 0.045776
19.535677 0.000000 0.044574
26.432207 0.000000 0.048094
24.045301 0.000000 0.043751
24.630117 0.000000 0.043977
22.720469 0.000000 0.040850
21.354485 0.000000 0.038394
18.160898 0.000000 0.039085
18.419795 0.000000 0.039642
2.638526 0.000000 0.040095
-6.981763 0.000000 0.040145
-6.522296 0.000000 0.037503
-7.998398 0.000000 0.040466
-8.476669 0.000000 0.039847
-15.322420 0.000000 0.074497
-8.667093 0.000000 0.042139
-9.575117 0.000000 0.045439
-8.961038 0.000000 0.042461
-9.498928 0.000000 0.044341
-9.163212 0.000000 0.042774
-8.620436 0.000000 0.044753
-8.178135 0.000000 0.042457
-3.054341 0.000000 0.044261
15.806472 0.000000 0.043068
23.701811 0.000000 0.044003
22.310488 0.000000 0.041420
26.698281 0.000000 0.049566
24.361124 0.000000 0.044907
22.915001 0.000000 0.042241
23.264342 0.000000 0.042885
41.054196 0.000000 0.080806
22.576271 0.000000 0.044436
16.822848 0.000000 0.048787
14.864634 0.000000 0.043108
17.393099 0.000000 0.043296
17.536001 0.000000 0.043652
23.226314 0.000000 0.048442
15.293520 0.000000 0.044419
10.738547 0.000000 0.043333
11.055944 0.000000 0.044614
11.744963 0.000000 0.045117
11.276146 0.000000 0.045307
11.033511 0.000000 0.044332
10.434430 0.000000 0.041925
19.170037 0.000000 0.044093
18.583655 0.000000 0.042744
20.710076 0.000000 0.044801
19.029212 0.000000 0.041165
45.686563 1.000000 0.082213
24.128865 0.000000 0.043901
24.573474 0.000000 0.044017
24.379943 0.000000 0.043670
25.189694 0.000000 0.045003
23.543575 0.000000 0.042062
22.302613 0.000000 0.039845
19.681204 0.000000 0.044876
17.176601 0.000000 0.039165
17.019112 0.000000 0.040203
15.897686 0.000000 0.037554
11.492539 0.000000 0.040628
10.762339 0.000000 0.043192
9.551368 0.000000 0.038332
9.594260 0.000000 0.038504
9.930747 0.000000 0.041492
8.987488 0.000000 0.037551
11.247897 0.000000 0.039118
9.690454 0.000000 0.037861
9.697837 0.000000 0.037890
25.413673 0.000000 0.076752
17.154428 0.000000 0.042789
16.852192 0.000000 0.042035
16.856610 0.000000 0.043007
17.865253 0.000000 0.038078
17.961341 0.000000 0.038283
17.912682 0.000000 0.038179
19.926074 0.000000 0.039596
20.909545 1.000000 0.041091
19.347174 0.000000 0.038021
18.929253 0.000000 0.039551
17.764325 0.000000 0.037117
18.371865 0.000000 0.041414
17.404041 0.000000 0.039426
17.543629 0.000000 0.038993
17.108653 0.000000 0.038026
18.365631 0.000000 0.040820
18.868111 0.000000 0.039846
18.338283 0.000000 0.038727
33.225341 0.000000 0.073232
16.976202 0.000000 0.043318
19.011694 0.000000 0.048512
20.784632 0.000000 0.047881
18.834309 0.000000 0.043063
19.003139 0.000000 0.043350
18.438552 0.000000 0.042062
22.106239 0.000000 0.047081
19.080281 0.000000 0.042365
19.705937 0.000000 0.044159
19.346750 0.000000 0.043354
18.487722 0.000000 0.041429
20.965033 0.000000 0.046941
20.541334 0.000000 0.046138
17.234399 0.000000 0.038710
33.028900 0.000000 0.074418
20.468517 0.000000 0.046118
19.391283 0.000000 0.043386
20.495422 0.000000 0.045060
19.813991 0.000000 0.043497
21.084784 0.000000 0.046287
22.183013 0.000000 0.045501
21.496616 0.000000 0.042175
22.646029 0.000000 0.044380
22.178127 0.000000 0.043463
21.200473 0.000000 0.041547
20.580681 0.000000 0.045928
20.193076 0.000000 0.045063
20.019617 0.000000 0.045285
31.026259 0.000000 0.071095
17.593242 0.000000 0.040314
19.540148 0.000000 0.045669
16.369656 0.000000 0.038259
17.397565 0.000000 0.040883
15.582842 0.000000 0.040005
13.818049 0.000000 0.040684
12.500873 0.000000 0.036806
13.923875 0.000000 0.041961
12.328307 0.000000 0.037153
12.585196 0.000000 0.038771
16.065698 1.000000 0.040395
14.806549 0.000000 0.037229
12.173055 0.000000 0.038892
11.702696 0.000000 0.037389
11.837618 0.000000 0.037820
12.117577 0.000000 0.040163
12.942597 0.000000 0.045241
10.467180 0.000000 0.042316
10.305943 0.000000 0.041664
10.150481 0.000000 0.042735
16.840168 0.000000 0.073422
9.762186 0.000000 0.042996
7.427658 0.000000 0.032714
6.581362 0.000000 0.029102
6.460586 0.000000 0.028568
6.989317 0.000000 0.031427
9.558493 0.000000 0.042979
9.862490 0.000000 0.043037
9.724526 0.000000 0.043483
15.814055 0.000000 0.042751
15.326081 0.000000 0.041432
21.047596 0.000000 0.044690
22.473352 0.000000 0.042796
22.245487 0.000000 0.042362
23.240793 0.000000 0.042984
22.773755 0.000000 0.042120
23.892943 0.000000 0.043472
23.056658 0.000000 0.044144
21.500071 0.000000 0.041164
21.355591 1.000000 0.041715
11.260566 0.000000 0.077712
5.868209 0.000000 0.040498
6.140337 0.000000 0.042376
1.624264 0.000000 0.043528
0.517613 0.000000 0.043573
0.242824 0.000000 0.042476
0.240223 0.000000 0.042021
0.001608 0.000000 0.044012
0.021255 0.000000 0.044024
0.020359 0.000000 0.042167
0.101812 0.000000 0.045098
0.092009 0.000000 0.040756
0.068060 0.000000 0.040681
0.061814 0.000000 0.038181
1.821254 0.000000 0.070201
0.709984 0.000000 0.042042
0.719579 0.000000 0.042610
0.046554 0.000000 0.044004
0.043954 0.000000 0.041547
0.054154 0.000000 0.044268
0.036308 0.000000 0.043346
-0.052997 0.000000 0.044448
-0.051713 0.000000 0.043372
0.039142 0.000000 0.043950
0.037546 0.000000 0.042159
-0.046758 0.000000 0.043328
0.086553 0.000000 0.042353
0.085527 0.000000 0.041851
0.058499 0.000000 0.043800
0.055888 0.000000 0.041845
0.059146 0.000000 0.043990
0.111864 0.000000 0.043371
0.106461 0.000000 0.041276
0.399600 0.000000 0.078236
0.212563 0.000000 0.041617
0.082222 0.000000 0.044211
-0.121863 0.000000 0.044431
-0.114150 0.000000 0.041619
-0.252700 0.000000 0.041561
-2.847048 0.000000 0.045812
-3.850002 0.000000 0.042885
-4.873600 0.000000 0.041055
-5.060679 0.000000 0.042631
-6.143842 0.000000 0.043348
-5.755913 0.000000 0.040611
-5.805654 0.000000 0.040962
-4.908731 0.000000 0.042705
-2.889637 0.000000 0.042352
-1.866112 0.000000 0.073840
-0.818447 0.000000 0.046479
-0.483415 0.000000 0.048190
-0.416895 0.000000 0.041559
-1.922376 0.000000 0.042558
-1.889809 0.000000 0.041837
-2.324199 0.000000 0.044765
-3.111627 0.000000 0.043275
-2.883109 0.000000 0.040097
-1.878560 0.000000 0.043318
-3.389268 0.000000 0.042212
-3.388387 0.000000 0.042201
-2.850174 0.000000 0.043434
-2.706801 0.000000 0.041249
-2.752328 0.000000 0.041943
-6.043448 0.000000 0.043615
-8.390789 0.000000 0.043835
-8.201895 0.000000 0.042848
-13.431922 0.000000 0.075011
-7.359062 0.000000 0.041097
-8.822857 0.000000 0.043541
-8.642402 1.000000 0.041303
-7.711852 0.000000 0.036856
-7.683216 0.000000 0.036719
-9.055409 0.000000 0.042418
-9.436635 0.000000 0.043179
9.980933 0.000000 0.045361
9.112930 0.000000 0.041416
18.494971 0.000000 0.042833
17.770528 0.000000 0.041155
18.896898 0.000000 0.040533
19.879830 0.000000 0.042641
35.398966 0.000000 0.074897
18.525637 0.000000 0.041348
19.164647 0.000000 0.042786
18.972527 0.000000 0.042357
18.282755 0.000000 0.040817
18.275023 0.000000 0.041772
17.552754 0.000000 0.043018
15.107319 0.000000 0.042875
14.163652 0.000000 0.040197
11.376142 0.000000 0.037428
11.131713 0.000000 0.036624
13.021023 0.000000 0.042430
12.809645 0.000000 0.041741
12.324049 0.000000 0.041440
12.365386 0.000000 0.041579
11.793187 0.000000 0.039655
13.296856 0.000000 0.042655
14.714514 0.000000 0.042678
11.253770 0.000000 0.041899
26.197239 0.000000 0.072100
14.778736 0.000000 0.040674
16.773401 0.000000 0.042261
16.706743 0.000000 0.042110
16.808143 0.000000 0.042366
18.031036 0.000000 0.045908
16.485008 0.000000 0.041972
16.739439 0.000000 0.042224
16.316755 0.000000 0.041379
15.915783 0.000000 0.040362
22.323701 0.000000 0.056523
17.182062 -1.000000 0.043520
16.486730 0.000000 0.041759
16.280787 0.000000 0.040690
16.287561 0.000000 0.040707
16.571241 0.000000 0.041212
29.829980 0.000000 0.074040
16.608635 0.000000 0.041127
17.109081 0.000000 0.042155
16.500334 0.000000 0.040655
16.930626 -1.000000 0.043559
16.711286 0.000000 0.043595
15.946876 0.000000 0.041601
16.719707 -1.000000 0.042761
18.593096 -1.000000 0.045582
17.195181 -1.000000 0.041677
16.828369 0.000000 0.040788
16.712493 0.000000 0.040507
18.028573 -1.000000 0.044269
16.587090 -1.000000 0.042381
14.528549 -1.000000 0.040626
14.913679 0.000000 0.041703
13.970721 -2.000000 0.041692
24.184148 -1.000000 0.073649
14.139267 -2.000000 0.040961
13.761596 0.000000 0.039867
17.646222 -1.000000 0.047184
16.534112 -2.000000 0.042372
16.045037 -2.000000 0.040628
16.110100 0.000000 0.040793
17.444589 0.000000 0.044172
16.672485 -3.000000 0.041962
15.743947 0.000000 0.039625
15.865557 -2.000000 0.041646
13.457875 0.000000 0.035326
15.032717 -2.000000 0.040418
13.266311 0.000000 0.035669
14.202250 -2.000000 0.039460
13.175291 -1.000000 0.037371
12.482925 0.000000 0.035407
12.658097 0.000000 0.035904
25.248089 -2.000000 0.071388
14.781498 -2.000000 0.040775
15.219586 -2.000000 0.041707
14.451329 -2.000000 0.041340
14.001020 0.000000 0.040052
12.255883 -2.000000 0.039741
12.553446 0.000000 0.040706
12.245476 -2.000000 0.043504
11.612428 0.000000 0.041255
11.455341 -1.000000 0.041968
10.256163 -2.000000 0.040725
9.632746 -2.000000 0.041114
9.519798 0.000000 0.040632
13.614905 -1.000000 0.072551
7.006218 -2.000000 0.039951
6.893954 -2.000000 0.040471
6.807733 0.000000 0.039965
6.722152 -1.000000 0.040889
6.528014 0.000000 0.039708
7.122220 -2.000000 0.044161
6.430039 -1.000000 0.041616
6.513329 0.000000 0.042155
5.080053 -2.000000 0.040438
6.159080 -2.000000 0.042474
5.709843 0.000000 0.039376
6.113088 -1.000000 0.039631
6.892561 -2.000000 0.042958
6.395948 0.000000 0.039863
6.401915 0.000000 0.039900
6.945715 -4.000000 0.043672
6.493535 0.000000 0.040829
6.588180 0.000000 0.041424
4.610512 -1.000000 0.043556
9.248751 -2.000000 0.073689
3.993625 -2.000000 0.041374
6.030981 -1.000000 0.043008
6.733614 -2.000000 0.045633
6.028758 0.000000 0.040856
4.100791 -1.000000 0.042503
3.930222 0.000000 0.040735
3.598553 -2.000000 0.045208
3.241227 -1.000000 0.040781
4.499961 -1.000000 0.043735
4.248908 0.000000 0.041295
4.663572 -2.000000 0.043910
4.872578 0.000000 0.045878
10.633060 -2.000000 0.075509
6.171191 -1.000000 0.042411
6.021494 0.000000 0.041382
6.183581 -1.000000 0.042466
6.001098 0.000000 0.043385
5.708842 0.000000 0.041272
5.549028 0.000000 0.040117
6.291769 -1.000000 0.043059
6.417697 0.000000 0.043308
6.205501 0.000000 0.041876
6.883143 -1.000000 0.045959
6.994400 0.000000 0.043427
7.609347 -1.000000 0.046330
6.786981 0.000000 0.041323
8.670359 0.000000 0.043699
8.354694 0.000000 0.042108
9.232100 -1.000000 0.044770
8.532278 0.000000 0.043976
7.926801 0.000000 0.040855
7.011567 -1.000000 0.038759
12.683887 0.000000 0.069551
7.574303 -1.000000 0.042882
7.338516 0.000000 0.041547
9.184737 0.000000 0.044493
8.537313 -1.000000 0.043434
8.140663 0.000000 0.041416
8.219587 -1.000000 0.042544
8.283285 0.000000 0.043254
7.997967 0.000000 0.041764
7.982231 -1.000000 0.043854
7.709196 0.000000 0.043486
7.372669 0.000000 0.041588
7.447774 -1.000000 0.041928
8.515460 0.000000 0.044154
8.484561 0.000000 0.043994
17.892483 -1.000000 0.076931
9.952233 0.000000 0.042791
10.789910 -1.000000 0.044293
10.113112 0.000000 0.041515
11.417585 0.000000 0.045394
10.820009 0.000000 0.043018
11.048102 0.000000 0.044891
10.661465 -1.000000 0.046054
9.418558 0.000000 0.045173
8.729598 0.000000 0.046429
8.151098 0.000000 0.043352
8.258736 0.000000 0.044008
8.083837 0.000000 0.043076
8.553975 0.000000 0.045018
8.248636 0.000000 0.043411
9.079979 0.000000 0.044956
8.839013 0.000000 0.043763
10.890051 0.000000 0.044881
10.484577 0.000000 0.043210
19.913583 0.000000 0.078309
11.489378 0.000000 0.044267
12.388356 0.000000 0.046198
11.767366 0.000000 0.043882
11.779129 0.000000 0.043926
11.683504 0.000000 0.043387
11.568660 0.000000 0.043117
12.441890 0.000000 0.046072
11.298464 0.000000 0.041838
11.697637 0.000000 0.044726
11.757902 0.000000 0.045466
10.501767 0.000000 0.040609
11.943735 0.000000 0.046154
11.092864 0.000000 0.041636
12.460127 0.000000 0.045991
11.224191 0.000000 0.041429
11.142609 0.000000 0.041128
21.110005 0.000000 0.076821
10.144053 0.000000 0.036915
10.430272 1.000000 0.037635
10.213608 0.000000 0.036853
10.783777 0.000000 0.039780
10.391728 0.000000 0.038375
10.144858 0.000000 0.037464
10.118646 0.000000 0.037367
10.090174 0.000000 0.037262
10.611956 0.000000 0.039959
10.023319 1.000000 0.038735
9.681716 0.000000 0.037415
10.239627 0.000000 0.039828
9.305157 0.000000 0.036193
9.987133 0.000000 0.038020
10.096169 0.000000 0.038435
10.377144 1.000000 0.039042
10.089690 0.000000 0.038348
10.384878 1.000000 0.039542
9.524669 0.000000 0.036267
19.673654 0.000000 0.073758
12.245528 1.000000 0.039421
11.485367 0.000000 0.036974
12.923979 0.000000 0.040263
11.773582 0.000000 0.036679
13.490694 1.000000 0.040104
14.531591 0.000000 0.038409
15.101763 0.000000 0.039916
16.434522 1.000000 0.038058
16.932416 0.000000 0.039211
17.114203 1.000000 0.037723
18.888904 0.000000 0.038353
19.053411 0.000000 0.038687
19.229347 0.000000 0.039845
18.088970 0.000000 0.037482
37.970610 1.000000 0.074203
18.835609 0.000000 0.036809
16.210837 0.000000 0.040308
15.155134 0.000000 0.037683
15.603466 0.000000 0.046020
14.136100 0.000000 0.044486
13.965864 0.000000 0.043950
13.928270 0.000000 0.045669
8.176132 0.000000 0.044226
2.444318 0.000000 0.053095
2.033114 0.000000 0.044163
0.409439 -1.000000 0.042637
0.388133 0.000000 0.040418
-0.006253 0.000000 0.042308
-0.149289 0.000000 0.044744
-0.144588 0.000000 0.043335
-0.323998 0.000000 0.078174
-0.176628 0.000000 0.042617
-3.635821 0.000000 0.042539
-1.366722 0.000000 0.028795
-1.331551 0.000000 0.028054
-1.290779 0.000000 0.027195
-0.698753 0.000000 0.036720
-0.643749 0.000000 0.044506
-0.609002 0.000000 0.042104
-0.639666 1.000000 0.042311
-0.787824 0.000000 0.046240
-0.709880 0.000000 0.041665
-2.173573 0.000000 0.047108
-2.030641 0.000000 0.044010
-0.904370 1.000000 0.039198
-0.868885 0.000000 0.037660
-0.890068 0.000000 0.038578
-0.988353 0.000000 0.038583
-1.126169 0.000000 0.039581
-1.063346 0.000000 0.037373
-2.050711 -1.000000 0.073024
-0.970473 0.000000 0.039192
-0.925103 0.000000 0.037360
-0.929945 0.000000 0.039553
-0.832331 0.000000 0.037972
-0.821200 0.000000 0.037464
0.823958 0.000000 0.039877
12.348046 -1.000000 0.039189
11.885285 0.000000 0.037720
15.012987 0.000000 0.039990
13.941500 0.000000 0.037136
14.317787 0.000000 0.038138
18.494336 0.000000 0.040731
17.061344 0.000000 0.037575
17.469199 0.000000 0.038979
17.503178 0.000000 0.039055
19.364926 0.000000 0.044484
18.509914 0.000000 0.042520
18.383161 0.000000 0.041817
35.223999 -1.000000 0.074183
17.813883 0.000000 0.039641
16.897692 0.000000 0.038306
16.927666 0.000000 0.038374
17.566156 0.000000 0.039986
16.625497 0.000000 0.037845
17.104265 -1.000000 0.039522
17.013692 0.000000 0.039555
16.293375 0.000000 0.037880
18.714762 0.000000 0.040657
17.545741 0.000000 0.038117
15.793491 0.000000 0.038095
15.288467 0.000000 0.040567
14.517798 0.000000 0.038522
14.008602 0.000000 0.037171
16.225582 0.000000 0.038182
26.525535 0.000000 0.072975
15.398932 -1.000000 0.040099
13.201998 0.000000 0.038689
12.880639 0.000000 0.037747
12.936263 0.000000 0.040219
12.176840 0.000000 0.037858
12.585394 0.000000 0.039433
12.274476 0.000000 0.038459
13.008962 0.000000 0.039211
11.732204 0.000000 0.039107
14.918761 0.000000 0.049729
14.245024 0.000000 0.041981
17.083336 1.000000 0.047468
14.812691 0.000000 0.041159
13.713504 0.000000 0.047711
31.023056 1.000000 0.080471
17.217282 0.000000 0.044660
18.532690 0.000000 0.045754
19.989219 0.000000 0.047930
17.323035 0.000000 0.041537
18.715159 1.000000 0.049036
16.847126 0.000000 0.046586
11.005331 1.000000 0.043443
11.103116 0.000000 0.043829
10.052309 0.000000 0.039681
3.032967 1.000000 0.046074
1.308506 0.000000 0.043444
1.291573 0.000000 0.042882
26.949957 0.000000 0.079084
22.285281 1.000000 0.048379
21.428922 0.000000 0.042522
23.109687 0.000000 0.047329
21.284074 0.000000 0.043590
22.189104 0.000000 0.047266
18.597735 0.000000 0.039616
21.944156 0.000000 0.048912
18.436120 0.000000 0.041093
18.844526 0.000000 0.045583
17.697866 0.000000 0.042013
19.637226 1.000000 0.047587
15.948937 0.000000 0.038649
20.112081 0.000000 0.047622
17.398162 0.000000 0.041196
14.241163 0.000000 0.046986
8.873846 0.000000 0.038411
8.843882 0.000000 0.038281
15.421195 0.000000 0.074619
7.788323 0.000000 0.038076
7.681717 0.000000 0.037555
7.776456 0.000000 0.039709
7.391861 0.000000 0.037745
7.551451 0.000000 0.038703
7.300391 0.000000 0.037416
7.707939 1.000000 0.039025
7.596192 0.000000 0.038459
2.064479 0.000000 0.037983
0.542455 0.000000 0.038949
0.527273 0.000000 0.037859
0.191872 0.000000 0.039315
0.133646 0.000000 0.038371
0.128237 0.000000 0.036818
0.134589 0.000000 0.038642
0.036074 0.000000 0.039685
-0.029718 0.000000 0.039653
0.215147 0.000000 0.072746
0.112548 0.000000 0.038055
0.078989 0.000000 0.039127
-0.010311 0.000000 0.038392
-0.010118 0.000000 0.037672
-0.170385 0.000000 0.038909
-0.166659 0.000000 0.038058
-0.135325 1.000000 0.040107
12.865013 0.000000 0.038370
12.990837 0.000000 0.038745
18.379787 0.000000 0.039463
18.204438 0.000000 0.038648
17.883701 0.000000 0.037967
17.903017 0.000000 0.038008
36.770263 0.000000 0.076357
18.456602 0.000000 0.038327
18.189319 0.000000 0.037772
19.468131 1.000000 0.038553
22.635546 0.000000 0.041226
19.622832 0.000000 0.038842
19.511658 0.000000 0.038622
10.987627 0.000000 0.039946
0.195910 0.000000 0.038850
0.191303 0.000000 0.037936
-4.915981 0.000000 0.038854
-7.263690 0.000000 0.041003
-6.789297 0.000000 0.038325
-6.677836 0.000000 0.037696
-7.239490 0.000000 0.039579
-7.072814 0.000000 0.038668
-6.796068 0.000000 0.037155
-6.471591 1.000000 0.041330
-14.358247 0.000000 0.075097
-6.331853 0.000000 0.038019
-7.443318 0.000000 0.038120
-7.340807 0.000000 0.037595
-7.489173 0.000000 0.038355
-8.792891 0.000000 0.039405
-9.222382 0.000000 0.041330
-8.459087 0.000000 0.042582
-7.329342 0.000000 0.036895
-7.639048 0.000000 0.038454
-8.723424 0.000000 0.039851
-7.956784 0.000000 0.039390
-7.836794 0.000000 0.039951
-7.279736 0.000000 0.037111
-7.483319 0.000000 0.038149
-7.591985 0.000000 0.039540
-7.221045 0.000000 0.037608
-4.750767 0.000000 0.037349
12.886938 0.000000 0.073809
13.712789 0.000000 0.038874
13.199933 0.000000 0.037420
15.824374 0.000000 0.038685
17.313075 0.000000 0.037761
22.402790 0.000000 0.048862
20.696625 0.000000 0.044740
14.937008 0.000000 0.042289
10.866695 0.000000 0.042318
10.840492 0.000000 0.042216
11.993929 0.000000 0.044311
11.334064 0.000000 0.041873
11.304894 0.000000 0.041765
15.229756 0.000000 0.045748
14.127136 0.000000 0.042436
29.806507 1.000000 0.081895
15.341690 0.000000 0.042499
14.941088 0.000000 0.043255
14.957646 0.000000 0.043137
14.901430 0.000000 0.042975
13.368410 1.000000 0.038563
9.899293 0.000000 0.028556
12.327878 0.000000 0.031977
11.561763 0.000000 0.029990
14.906454 0.000000 0.034800
13.771226 0.000000 0.032150
14.437054 0.000000 0.035746
14.509761 1.000000 0.046195
13.355456 0.000000 0.042520
20.513379 0.000000 0.043831
44.260499 0.000000 0.081076
23.359050 0.000000 0.042789
24.280032 0.000000 0.044476
25.048665 -1.000000 0.045169
20.079319 0.000000 0.037580
20.131676 0.000000 0.037678
20.757289 0.000000 0.038965
19.765980 0.000000 0.037104
13.514873 0.000000 0.038952
13.142621 0.000000 0.037879
9.429447 0.000000 0.039307
8.919156 0.000000 0.037180
8.553728 -1.000000 0.039323
8.083079 0.000000 0.037159
8.788249 0.000000 0.040401
3.712582 0.000000 0.076598
0.368837 0.000000 0.038531
0.354851 0.000000 0.037070
0.139928 0.000000 0.040320
0.132018 0.000000 0.038041
-0.121410 -1.000000 0.038970
-0.117167 0.000000 0.037608
-0.180958 0.000000 0.039733
-0.167979 0.000000 0.036883
-0.242961 -1.000000 0.039778
-0.260036 0.000000 0.038366
-0.212335 0.000000 0.040294
-0.198052 0.000000 0.037584
-0.104757 0.000000 0.038238
-0.108478 0.000000 0.039596
-0.102710 0.000000 0.037491
-4.485595 0.000000 0.039812
-1.040169 0.000000 0.038303
-0.916936 0.000000 0.076005
-0.215759 0.000000 0.044824
-0.200322 0.000000 0.041617
-0.131458 0.000000 0.039922
7.953391 0.000000 0.038686
7.874034 0.000000 0.038300
19.593976 0.000000 0.039767
24.088245 0.000000 0.040889
21.815395 0.000000 0.037031
22.024534 0.000000 0.037386
24.758085 1.000000 0.039753
27.301825 0.000000 0.039467
25.622345 0.000000 0.037039
29.139209 0.000000 0.040298
26.222874 0.000000 0.039226
27.039719 0.000000 0.040448
13.747036 0.000000 0.039269
9.654453 0.000000 0.038115
9.895352 0.000000 0.039066
8.921393 0.000000 0.038965
9.053496 0.000000 0.039542
2.678686 0.000000 0.077217
1.315635 0.000000 0.037925
1.332119 0.000000 0.038400
0.424632 0.000000 0.039204
-0.020268 0.000000 0.039273
-0.019908 0.000000 0.038576
-0.147064 0.000000 0.039110
-0.492139 0.000000 0.038566
-0.479266 0.000000 0.037557
-1.211505 0.000000 0.039648
-2.227089 0.000000 0.039371
-2.193534 0.000000 0.038778
-3.043618 0.000000 0.039826
-2.873329 0.000000 0.037598
-6.029622 0.000000 0.038473
-6.344764 0.000000 0.040484
-6.447287 0.000000 0.038344
-14.509354 1.000000 0.077807
-6.930697 0.000000 0.037166
-7.340476 0.000000 0.041077
-6.728106 0.000000 0.037650
-7.037593 0.000000 0.039382
-7.090160 1.000000 0.040100
-6.876432 0.000000 0.038891
-6.979333 0.000000 0.039473
-8.187178 0.000000 0.042529
-7.704077 0.000000 0.039064
-7.502690 0.000000 0.038043
-10.295700 0.000000 0.051699
-7.862472 1.000000 0.040823
-7.648122 0.000000 0.039710
-7.813761 0.000000 0.039936
-15.198941 1.000000 0.074728
-7.688080 0.000000 0.039280
-7.431891 0.000000 0.037971
-6.743556 0.000000 0.038342
-5.066871 0.000000 0.028809
-6.415407 0.000000 0.026812
-6.178775 0.000000 0.025823
-5.349103 1.000000 0.027288
-7.521431 0.000000 0.038370
-7.034579 0.000000 0.039163
-6.873984 0.000000 0.038269
-6.694213 0.000000 0.039778
-6.254622 0.000000 0.037166
-7.585052 0.000000 0.048106
-6.758786 0.000000 0.045751
-6.296821 0.000000 0.042624
-10.709063 0.000000 0.082576
11.542711 0.000000 0.042487
11.140926 0.000000 0.041008
11.644923 0.000000 0.042863
15.477090 0.000000 0.042537
17.345193 1.000000 0.043544
19.202742 0.000000 0.044611
17.321086 0.000000 0.040240
20.120016 0.000000 0.045711
17.796174 0.000000 0.041957
18.659180 0.000000 0.043992
18.898884 0.000000 0.045131
16.933158 0.000000 0.040437
18.152154 0.000000 0.043077
33.478912 0.000000 0.079336
18.238570 0.000000 0.043744
15.595065 0.000000 0.043011
16.038882 0.000000 0.044235
15.936026 0.000000 0.043466
15.601758 1.000000 0.043147
15.797370 0.000000 0.043688
1.961042 0.000000 0.047087
1.930221 0.000000 0.046347
1.637371 0.000000 0.039315
0.355372 0.000000 0.050914
0.309070 0.000000 0.044280
0.117201 0.000000 0.043962
0.112962 0.000000 0.042372
0.581669 -1.000000 0.076375
0.284472 0.000000 0.037352
0.138492 0.000000 0.038628
0.133452 0.000000 0.037222
0.039060 0.000000 0.039698
0.224557 0.000000 0.039513
0.213883 0.000000 0.037635
0.157065 0.000000 0.039370
0.151360 0.000000 0.037940
0.083547 0.000000 0.039616
13.452539 0.000000 0.039545
13.172966 0.000000 0.038723
12.852514 0.000000 0.037781
20.951113 0.000000 0.044603
26.163929 0.000000 0.047103
24.710553 0.000000 0.044146
24.302451 0.000000 0.043417
23.053298 -1.000000 0.042877
19.954302 0.000000 0.040053
18.679327 0.000000 0.037494
18.745605 0.000000 0.037627
25.400264 0.000000 0.078388
7.649112 0.000000 0.038825
1.988290 0.000000 0.039193
1.958367 0.000000 0.038603
0.555234 0.000000 0.039369
0.538462 0.000000 0.038180
0.526999 0.000000 0.037367
0.183278 0.000000 0.038224
0.050031 -1.000000 0.039824
-0.126809 0.000000 0.038405
-0.127810 0.000000 0.038708
-0.125546 0.000000 0.039651
-0.124574 0.000000 0.039344
-0.133193 0.000000 0.039039
-0.132715 0.000000 0.038899
-0.042062 0.000000 0.038995
0.140097 0.000000 0.039742
0.182152 0.000000 0.079462
0.059162 0.000000 0.043039
-0.061096 0.000000 0.041801
-0.063507 0.000000 0.043450
-0.062400 0.000000 0.042693
-0.040467 0.000000 0.043243
-0.136039 0.000000 0.043529
0.039617 0.000000 0.047958
0.033525 0.000000 0.040584
0.043114 0.000000 0.043432
4.743984 0.000000 0.041622
20.962271 0.000000 0.044050
20.201767 0.000000 0.042452
23.833170 0.000000 0.043240
46.189136 0.000000 0.083800
21.493094 -1.000000 0.042554
20.254587 0.000000 0.042494
21.391434 0.000000 0.042342
25.614309 0.000000 0.049858
20.812239 0.000000 0.040511
26.275463 0.000000 0.046339
1.454278 0.000000 0.044371
1.360248 0.000000 0.041502
-5.706881 0.000000 0.049689
-7.474943 0.000000 0.050397
-5.616754 0.000000 0.037869
-5.506529 0.000000 0.037126
-5.498714 0.000000 0.037073
-8.222813 0.000000 0.040334
-7.854623 0.000000 0.038528
-6.377578 1.000000 0.039397
-6.185104 0.000000 0.038208
-6.436683 0.000000 0.039603
-8.432865 0.000000 0.040017
-8.661283 0.000000 0.075731
-4.281887 0.000000 0.037439
-6.973542 0.000000 0.039094
-6.557397 0.000000 0.036761
-6.803894 0.000000 0.038143
-8.062569 0.000000 0.039739
-6.608249 0.000000 0.039335
-7.828032 0.000000 0.039463
-7.770144 0.000000 0.039171
-7.534526 0.000000 0.037983
-10.229268 0.000000 0.039016
-5.742808 0.000000 0.038455
-5.560439 0.000000 0.037234
-1.513117 0.000000 0.043436
-1.350920 0.000000 0.038780
-0.401200 0.000000 0.039345
11.816265 0.000000 0.038789
11.847640 0.000000 0.038892
22.733140 0.000000 0.038900
45.691635 0.000000 0.074943
23.124296 0.000000 0.039204
22.067745 0.000000 0.037413
22.093886 0.000000 0.038373
22.603994 0.000000 0.039259
22.967542 0.000000 0.039226
21.085497 0.000000 0.039431
20.490233 0.000000 0.038318
18.601051 0.000000 0.039433
17.512276 0.000000 0.037125
17.811129 0.000000 0.038549
17.946403 0.000000 0.038842
19.425302 0.000000 0.039979
18.974600 0.000000 0.038058
19.633130 0.000000 0.039379
36.288518 -1.000000 0.079841
16.949011 0.000000 0.037291
18.646267 1.000000 0.039371
17.090172 0.000000 0.040411
16.137436 0.000000 0.038158
13.006088 0.000000 0.039160
12.466361 0.000000 0.037535
14.516327 0.000000 0.038906
13.790346 0.000000 0.036960
16.663031 0.000000 0.039421
16.241772 0.000000 0.037543
16.362555 0.000000 0.037822
14.544721 0.000000 0.039198
21.674890 0.000000 0.038832
21.930534 0.000000 0.039290
26.159349 0.000000 0.039296
52.771651 0.000000 0.074819
27.227880 0.000000 0.038219
25.897756 0.000000 0.036352
28.546298 0.000000 0.040287
27.050530 0.000000 0.038176
26.162597 0.000000 0.036923
22.856983 0.000000 0.038213
12.778669 0.000000 0.039333
9.631709 0.000000 0.038975
9.322560 0.000000 0.037724
8.528345 0.000000 0.037827
8.494491 0.000000 0.038541
8.275681 0.000000 0.037548
8.471160 0.000000 0.038435
8.601937 0.000000 0.039884
8.061662 0.000000 0.037379
3.170433 0.000000 0.038465
0.883287 0.000000 0.038838
0.846789 0.000000 0.037233
-0.049907 0.000000 0.040329
0.051781 0.000000 0.038286
0.097905 0.000000 0.072389
-0.086431 0.000000 0.038041
-0.206774 0.000000 0.038934
-0.199152 0.000000 0.037499
-0.002363 0.000000 0.041354
-0.002190 0.000000 0.038319
-0.002234 0.000000 0.039101
0.049453 0.000000 0.039633
-0.200122 0.000000 0.038633
-0.199878 0.000000 0.038586
-0.198522 0.000000 0.038324
0.005850 0.000000 0.040748
-0.066833 0.000000 0.038433
-0.065056 0.000000 0.037411
-0.937446 0.000000 0.038780
-0.894924 0.000000 0.037021
-4.270762 0.000000 0.075682
-2.120366 0.000000 0.037575
-0.661758 0.000000 0.039436
-0.551300 0.000000 0.038908
-0.548989 0.000000 0.038745
0.482407 0.000000 0.039954
0.437537 0.000000 0.036238
0.463036 0.000000 0.038350
22.076728 1.000000 0.040418
25.483533 0.000000 0.039260
24.782019 0.000000 0.038179
24.043098 0.000000 0.038297
22.722375 0.000000 0.039472
21.374325 0.000000 0.037130
22.881766 0.000000 0.038924
22.884581 0.000000 0.038349
23.069112 0.000000 0.038658
43.471951 0.000000 0.075006
13.031838 0.000000 0.041881
-1.242458 0.000000 0.037898
-1.192004 0.000000 0.036359
-6.092708 0.000000 0.039766
-7.358939 0.000000 0.038367
-7.352811 0.000000 0.038335
-7.445827 0.000000 0.038067
-7.298697 0.000000 0.037315
-7.448709 0.000000 0.037637
-7.549449 0.000000 0.038146
-7.959658 0.000000 0.039368
-7.592528 0.000000 0.037552
-7.380413 0.000000 0.039713
-6.563198 0.000000 0.038675
-6.194406 0.000000 0.036502
-6.534026 0.000000 0.038503
-7.544177 0.000000 0.038440
-8.544230 0.000000 0.040227
-7.896845 0.000000 0.037179
-8.280608 0.000000 0.039562
-9.493851 0.000000 0.039176
-17.928566 1.000000 0.074698
-9.355607 0.000000 0.041968
-9.155609 0.000000 0.041071
-9.148955 0.000000 0.043041
-13.081502 0.000000 0.042821
-12.941658 0.000000 0.042363
-10.699082 0.000000 0.044493
-9.286504 0.000000 0.042351
-8.788493 0.000000 0.040080
-9.206026 0.000000 0.042351
-9.204731 0.000000 0.042345
-9.471603 0.000000 0.043069
-9.154510 0.000000 0.041213
-9.347069 0.000000 0.042080
-17.676631 0.000000 0.081415
-9.220988 0.000000 0.042470
-7.342714 0.000000 0.033945
-5.835192 0.000000 0.026976
-4.570123 0.000000 0.027835
-4.466820 0.000000 0.027206
-6.217564 0.000000 0.040418
-6.567491 0.000000 0.042693
-6.345797 0.000000 0.044031
-6.036237 0.000000 0.041883
-5.724842 0.000000 0.042396
-5.375091 0.000000 0.042486
-4.970394 1.000000 0.041932
4.195984 0.000000 0.043028
4.023701 0.000000 0.041261
4.151413 0.000000 0.042571
12.382116 0.000000 0.042506
18.132236 0.000000 0.041878
18.241350 0.000000 0.042130
19.075284 0.000000 0.044324
29.947843 0.000000 0.079267
14.826938 0.000000 0.041986
14.726240 0.000000 0.041701
14.694920 0.000000 0.041612
17.366870 0.000000 0.042910
14.040861 0.000000 0.042119
11.306577 0.000000 0.044294
10.736267 0.000000 0.042060
9.394590 0.000000 0.041934
10.529307 0.000000 0.046999
10.847908 0.000000 0.042116
13.091965 0.000000 0.047462
10.422595 0.000000 0.043793
10.456130 0.000000 0.043934
6.860422 0.000000 0.045806
6.214105 0.000000 0.041491
1.852282 0.000000 0.042870
0.622538 0.000000 0.041695
0.235946 0.000000 0.043110
0.225187 0.000000 0.041144
-0.243868 0.000000 0.078347
-0.059496 0.000000 0.043320
-0.057887 0.000000 0.042148
0.144423 0.000000 0.045191
0.112979 1.000000 0.042632
-0.001566 0.000000 0.044125
-0.001464 0.000000 0.041241
0.046275 0.000000 0.044141
-0.036201 0.000000 0.042043
-0.035817 0.000000 0.041597
-0.035784 0.000000 0.041559
0.019026 0.000000 0.043639
-0.033928 0.000000 0.039118
-0.041851 0.000000 0.037804
-0.043416 0.000000 0.039218
0.160648 0.000000 0.038297
0.447864 0.000000 0.074820
0.518443 0.000000 0.038539
15.069334 0.000000 0.038667
14.447814 0.000000 0.037072
14.340123 0.000000 0.036796
14.742445 0.000000 0.039270
13.457334 0.000000 0.035847
18.828530 0.000000 0.038133
18.195069 0.000000 0.036850
20.936188 0.000000 0.039389
20.590102 0.000000 0.038738
19.421827 0.000000 0.036540
20.002272 0.000000 0.038394
19.724041 0.000000 0.037860
18.744388 0.000000 0.039631
17.783178 0.000000 0.037599
17.242724 0.000000 0.037712
10.655541 1.000000 0.075428
5.345150 0.000000 0.037837
1.366480 0.000000 0.038787
1.274076 0.000000 0.036164
0.340171 0.000000 0.039486
0.181110 0.000000 0.038305
0.176311 0.000000 0.037290
-0.031944 0.000000 0.038499
-0.030745 0.000000 0.037053
-0.206934 0.000000 0.038120
-0.167006 0.000000 0.030765
-0.277668 0.000000 0.026396
-0.304649 0.000000 0.028961
-0.408998 0.000000 0.032183
-0.534262 0.000000 0.042040
-0.753266 0.000000 0.042898
-0.660326 0.000000 0.037605
-1.561083 0.000000 0.077362
-0.942539 0.000000 0.046709
-1.090129 -1.000000 0.045053
-1.019713 0.000000 0.042143
-0.896354 -1.000000 0.042836
-0.876478 0.000000 0.041886
-0.837479 0.000000 0.042472
-0.731632 -1.000000 0.044397
-0.715700 0.000000 0.043430
-0.676956 0.000000 0.041079
-0.713634 -1.000000 0.042666
-0.595967 -1.000000 0.043561
-0.666131 -1.000000 0.042753
-0.651888 0.000000 0.041839
-0.692013 -2.000000 0.044212
-0.851041 -1.000000 0.080264
-0.452514 -2.000000 0.043933
-0.427465 0.000000 0.041501
11.055851 -1.000000 0.043445
15.523763 -2.000000 0.044524
15.775148 -1.000000 0.043249
15.781951 -2.000000 0.043768
15.224181 0.000000 0.042221
15.230629 0.000000 0.042239
16.599710 -2.000000 0.045233
17.427058 -2.000000 0.043168
17.241680 0.000000 0.042709
20.499378 -2.000000 0.043403
21.411997 -2.000000 0.043511
14.273086 -2.000000 0.042036
18.586865 -1.000000 0.079727
8.061155 -2.000000 0.042288
8.169595 0.000000 0.042857
1.876540 -2.000000 0.043241
0.335453 -1.000000 0.043965
0.316194 0.000000 0.041441
0.108107 -2.000000 0.044925
-0.152313 -2.000000 0.042533
-0.145499 0.000000 0.040630
-0.125037 -1.000000 0.041855
-0.125540 0.000000 0.042023
0.151846 -2.000000 0.043440
0.143366 0.000000 0.041014
0.339519 -1.000000 0.041189
3.666168 -2.000000 0.043449
14.070728 -1.000000 0.079925
14.068980 -2.000000 0.049365
11.684162 0.000000 0.040997
8.824641 -2.000000 0.040610
12.673894 -2.000000 0.040692
12.404116 0.000000 0.039826
14.150330 -2.000000 0.041316
16.842017 -2.000000 0.042204
16.594262 0.000000 0.041583
17.493530 -2.000000 0.042380
17.074091 0.000000 0.041364
18.926462 -1.000000 0.044719
17.760770 -2.000000 0.042173
16.868846 0.000000 0.040055
16.980901 0.000000 0.040321
17.232985 -3.000000 0.043545
30.610410 -1.000000 0.079475
15.517758 -2.000000 0.040514
15.432374 0.000000 0.040291
17.287253 -1.000000 0.044499
15.871883 -1.000000 0.040521
16.313793 0.000000 0.041649
16.943427 -2.000000 0.042279
16.358298 0.000000 0.040819
16.945605 -1.000000 0.041224
13.768158 -2.000000 0.033631
11.766168 0.000000 0.028741
11.434453 -1.000000 0.028460
10.840267 0.000000 0.026981
16.297570 -1.000000 0.041409
16.326659 0.000000 0.041483
29.128791 -2.000000 0.080563
16.674234 0.000000 0.046117
14.689740 -1.000000 0.041523
14.644193 0.000000 0.041241
15.239234 -1.000000 0.042563
14.628033 0.000000 0.040856
15.067324 -1.000000 0.043192
14.990474 0.000000 0.042972
16.066130 0.000000 0.042976
15.278042 0.000000 0.040868
19.235306 -1.000000 0.050039
17.245072 0.000000 0.043384
17.003406 0.000000 0.042776
17.395326 -1.000000 0.044192
16.825948 0.000000 0.042984
16.374613 0.000000 0.041831
17.422128 0.000000 0.044507
17.273628 -1.000000 0.045182
16.177545 0.000000 0.042315
16.375004 -1.000000 0.042660
16.284768 0.000000 0.042425
16.959774 -1.000000 0.044358
16.345014 0.000000 0.042750
17.465064 0.000000 0.046530
16.107403 0.000000 0.042913
16.461399 -1.000000 0.042867
16.873718 0.000000 0.043876
31.068514 -1.000000 0.080238
14.006782 0.000000 0.036174
14.642685 0.000000 0.038249
14.533905 -1.000000 0.038383
14.002256 0.000000 0.036979
14.719788 0.000000 0.038874
14.702209 -1.000000 0.040358
13.289781 0.000000 0.036481
12.706452 0.000000 0.037307
14.249400 -1.000000 0.038671
13.594288 0.000000 0.036893
13.954920 0.000000 0.037872
12.717045 0.000000 0.039641
12.127952 0.000000 0.037805
12.526994 -1.000000 0.038561
13.575458 0.000000 0.040368
12.219805 0.000000 0.036337
11.048786 -1.000000 0.038008
11.285431 0.000000 0.039526
10.549357 0.000000 0.036948
10.716680 0.000000 0.037534
10.748257 -1.000000 0.038667
9.235349 -1.000000 0.038478
9.514372 0.000000 0.040603
8.801608 0.000000 0.037561
9.412717 -1.000000 0.039964
8.767330 0.000000 0.037224
18.109742 -1.000000 0.076079
8.701954 0.000000 0.036557
8.938329 0.000000 0.037550
9.161935 0.000000 0.039242
8.718819 -1.000000 0.038169
8.433225 0.000000 0.036919
9.446687 0.000000 0.040418
8.815217 0.000000 0.037716
9.299337 -1.000000 0.039613
9.220925 0.000000 0.038878
3.557612 -1.000000 0.039261
3.366264 0.000000 0.037149
3.471174 0.000000 0.038307
0.788727 0.000000 0.039547
-0.068279 0.000000 0.037602
-0.067704 0.000000 0.037285
-0.284263 -1.000000 0.038203
-0.556640 0.000000 0.042947
-0.538751 0.000000 0.041567
-0.529268 0.000000 0.042202
-0.538588 0.000000 0.042945
-0.375056 -1.000000 0.044681
18.664327 0.000000 0.078811
10.583658 0.000000 0.042159
10.520453 0.000000 0.041907
10.684267 0.000000 0.043618
9.971717 0.000000 0.040709
10.304844 -1.000000 0.042128
10.274531 0.000000 0.042487
10.133330 0.000000 0.041903
9.654643 0.000000 0.041956
8.828822 0.000000 0.043663
8.388625 0.000000 0.041486
6.881026 0.000000 0.043050
6.650699 0.000000 0.041609
6.477269 0.000000 0.040524
3.760119 0.000000 0.043578
3.513441 0.000000 0.040719
1.992623 0.000000 0.042733
1.352262 0.000000 0.029000
0.616304 0.000000 0.028115
0.147307 0.000000 0.027913
0.141715 0.000000 0.026853
0.152126 0.000000 0.028826
0.141629 0.000000 0.026837
0.100612 0.000000 0.036976
0.154298 0.000000 0.042841
0.157857 0.000000 0.043829
0.143151 0.000000 0.039746
0.094411 0.000000 0.043362
0.067583 0.000000 0.042530
0.056773 0.000000 0.042898
0.123998 0.000000 0.077149
0.064313 0.000000 0.040014
0.041918 0.000000 0.042608
0.045007 0.000000 0.045748
0.027377 0.000000 0.044238
0.024099 0.000000 0.038940
0.065557 0.000000 0.045751
0.040458 0.000000 0.043921
0.040074 0.000000 0.043504
0.042167 0.000000 0.045484
0.071756 0.000000 0.044603
0.067239 0.000000 0.041795
0.062640 0.000000 0.042977
0.050502 0.000000 0.045403
0.048488 0.000000 0.043593
0.048713 0.000000 0.043795
0.051067 0.000000 0.044624
