0.000000 0.000000 0.000000
0.000000 0.000000 0.052146
0.151434 5.000000 0.050973
0.543769 0.000000 0.110367
0.712209 0.000000 0.144555
2.415576 0.000000 0.135303
0.890124 0.000000 0.066351
1.039969 0.000000 0.066273
1.277202 0.000000 0.066464
1.343611 0.000000 0.066231
2.508530 0.000000 0.098927
1.397903 0.000000 0.067000
1.727331 0.000000 0.065492
1.385121 0.000000 0.063494
0.436720 -1.000000 0.071157
0.833568 0.000000 0.065504
1.858049 0.000000 0.146010
0.348896 0.000000 0.119488
0.186787 0.000000 0.063970
0.552953 0.000000 0.064504
1.038209 0.000000 0.083761
1.202738 0.000000 0.101466
0.743233 0.000000 0.062701
0.372338 0.000000 0.063875
0.660959 0.000000 0.065248
1.378848 0.000000 0.132388
0.387983 0.000000 0.063649
0.479374 0.000000 0.077859
0.315406 0.000000 0.070862
0.631624 0.000000 0.107249
0.579315 0.000000 0.074712
0.556223 0.000000 0.070588
0.580413 0.000000 0.073009
0.562900 0.000000 0.070806
0.290453 0.000000 0.074585
0.216916 0.000000 0.072251
0.679640 0.000000 0.160984
0.899565 -1.000000 0.132978
1.318960 0.000000 0.194975
1.051210 0.000000 0.065890
1.916792 0.000000 0.085958
0.864135 0.000000 0.060582
1.005157 0.000000 0.047350
1.260823 0.000000 0.059394
0.808879 0.000000 0.047462
0.796373 0.000000 0.046728
0.707360 0.000000 0.049054
2.024698 1.000000 0.108236
1.004548 0.000000 0.124458
0.773291 0.000000 0.073583
0.344138 0.000000 0.145259
0.637857 -1.000000 0.070275
0.827694 0.000000 0.148179
0.186845 0.000000 0.073360
0.177457 0.000000 0.069674
0.631230 1.000000 0.071986
1.428244 0.000000 0.098542
1.993128 0.000000 0.106397
2.310323 1.000000 0.093399
3.008480 0.000000 0.121623
1.483691 0.000000 0.072917
1.273583 0.000000 0.076283
1.146128 0.000000 0.071550
0.433077 0.000000 0.072088
0.415581 0.000000 0.072561
0.555296 1.000000 0.072366
2.530284 0.000000 0.214417
13.997398 0.000000 0.135096
23.844182 0.000000 0.137198
28.675561 -1.000000 0.147244
22.245537 -1.000000 0.177226
5.434045 -1.000000 0.066086
6.485233 0.000000 0.078870
9.697825 -1.000000 0.128497
4.000197 0.000000 0.063614
3.315782 0.000000 0.064792
4.395295 0.000000 0.082520
13.755726 1.000000 0.064533
13.278713 0.000000 0.073054
12.902814 0.000000 0.070986
34.259963 2.000000 0.164978
21.058319 1.000000 0.098193
24.528268 0.000000 0.114373
41.362214 2.000000 0.148694
20.988214 2.000000 0.149914
12.853304 0.000000 0.094776
18.501289 1.000000 0.121090
13.440799 0.000000 0.097111
7.596562 0.000000 0.074169
19.560946 -1.000000 0.125136
37.469054 -3.000000 0.145661
39.323342 -1.000000 0.125581
20.939185 -2.000000 0.108100
17.306003 0.000000 0.107212
22.635554 -1.000000 0.146101
13.883599 0.000000 0.097353
12.457330 0.000000 0.072659
33.486826 0.000000 0.202968
34.908946 4.000000 0.094276
32.732462 1.000000 0.092457
12.601653 1.000000 0.113453
7.277222 0.000000 0.138525
18.404453 0.000000 0.188389
42.324332 -1.000000 0.118717
50.212527 -1.000000 0.112455
65.305606 0.000000 0.144244
29.691115 0.000000 0.079178
13.521742 0.000000 0.071856
11.834042 0.000000 0.062887
9.158775 0.000000 0.065434
24.889689 1.000000 0.148832
32.356215 0.000000 0.124964
65.071129 2.000000 0.147436
46.814886 1.000000 0.100062
64.875758 1.000000 0.137063
44.345235 1.000000 0.175420
24.888596 1.000000 0.131874
55.860567 -1.000000 0.171937
30.660808 0.000000 0.081243
30.314238 0.000000 0.070822
68.612978 -2.000000 0.162912
37.596247 0.000000 0.152595
20.561515 1.000000 0.131453
18.684125 1.000000 0.180184
54.565242 1.000000 0.137461
52.566562 1.000000 0.114779
53.253417 0.000000 0.132926
46.039528 2.000000 0.135945
13.645100 0.000000 0.106572
27.145785 0.000000 0.064030
42.734605 0.000000 0.120500
45.224969 0.000000 0.127522
54.832541 -1.000000 0.124025
50.688655 0.000000 0.108362
44.829271 -1.000000 0.105576
49.161652 0.000000 0.136251
34.917179 -1.000000 0.165163
18.923725 1.000000 0.118759
30.809305 1.000000 0.155305
37.681347 0.000000 0.100127
62.585297 1.000000 0.145643
12.632392 2.000000 0.129879
9.396670 -1.000000 0.125311
86.202782 -1.000000 0.108749
46.648478 -1.000000 0.137963
66.687193 -2.000000 0.139632
53.942442 -2.000000 0.117193
67.347431 -1.000000 0.206257
31.701433 0.000000 0.135486
37.868993 0.000000 0.135304
39.144394 2.000000 0.085781
64.924854 0.000000 0.142276
23.887383 1.000000 0.100578
24.083140 0.000000 0.128426
20.175991 0.000000 0.080494
45.403466 -1.000000 0.137921
43.540257 0.000000 0.132261
24.505333 -3.000000 0.064160
27.807664 -1.000000 0.061733
34.985496 0.000000 0.085260
31.950025 -1.000000 0.080465
12.480981 -1.000000 0.073329
15.707773 0.000000 0.114355
13.384565 1.000000 0.141265
9.550619 0.000000 0.076886
10.373415 0.000000 0.064528
48.569273 1.000000 0.112325
34.765768 1.000000 0.077289
87.485635 1.000000 0.185093
30.558098 1.000000 0.095054
50.153273 1.000000 0.158253
54.653885 -1.000000 0.106080
50.027014 0.000000 0.122953
68.497635 -1.000000 0.138109
74.285516 -2.000000 0.160329
47.849966 -1.000000 0.143302
17.376428 -1.000000 0.095689
21.975208 0.000000 0.140997
29.642162 1.000000 0.164297
56.150171 1.000000 0.136433
28.549322 1.000000 0.065043
20.959783 2.000000 0.120193
51.215206 1.000000 0.120695
26.595117 0.000000 0.150051
38.129836 -1.000000 0.160029
30.952793 -2.000000 0.073320
57.621973 0.000000 0.116730
48.060203 -1.000000 0.103546
38.866193 0.000000 0.116887
13.132875 0.000000 0.064024
10.925309 0.000000 0.063609
10.559093 0.000000 0.066040
14.517783 0.000000 0.102178
26.969053 1.000000 0.084218
47.555066 0.000000 0.125750
58.151753 1.000000 0.133445
32.033865 0.000000 0.128669
57.331521 0.000000 0.129565
41.394598 -2.000000 0.173487
63.026612 -2.000000 0.132388
30.530125 0.000000 0.064129
40.478877 -1.000000 0.118629
12.679581 0.000000 0.063303
12.528349 0.000000 0.073751
43.530838 0.000000 0.201795
21.784611 0.000000 0.138116
32.238399 1.000000 0.072156
32.372909 0.000000 0.142352
27.200177 2.000000 0.163596
55.990990 0.000000 0.143856
90.249343 -1.000000 0.170307
65.451394 -1.000000 0.172476
75.336251 -1.000000 0.157146
48.224795 -1.000000 0.183970
24.356322 1.000000 0.142111
17.490118 0.000000 0.076608
74.991475 3.000000 0.166099
82.688285 1.000000 0.188437
7.125236 1.000000 0.080488
43.840850 1.000000 0.125435
9.011495 -1.000000 0.107109
46.377320 -1.000000 0.108388
38.183644 0.000000 0.090153
85.702913 -1.000000 0.178819
27.081600 -1.000000 0.076850
29.150721 0.000000 0.125509
22.812604 0.000000 0.106008
10.582202 1.000000 0.051579
38.047709 0.000000 0.105287
84.995538 1.000000 0.167421
56.647377 0.000000 0.109983
51.577597 2.000000 0.123697
39.424333 0.000000 0.152016
26.031187 0.000000 0.074329
65.492080 -1.000000 0.138465
90.890397 0.000000 0.192163
55.190429 -2.000000 0.146378
23.742505 -1.000000 0.129331
17.305537 0.000000 0.098565
31.760990 0.000000 0.164591
45.382301 1.000000 0.090386
28.606630 1.000000 0.138461
54.978985 0.000000 0.145734
43.425072 0.000000 0.135994
105.704077 -3.000000 0.188090
70.811489 -1.000000 0.120563
72.133208 -1.000000 0.151693
33.782475 0.000000 0.071043
12.685799 0.000000 0.167858
71.220408 3.000000 0.160312
68.531075 0.000000 0.152899
33.300453 1.000000 0.073732
54.794380 0.000000 0.143638
35.339921 -1.000000 0.098952
28.777309 0.000000 0.075112
74.741917 0.000000 0.195085
71.218699 -5.000000 0.152933
40.208130 -1.000000 0.161765
73.783023 1.000000 0.199054
51.349538 1.000000 0.143984
28.781460 1.000000 0.072855
61.716500 1.000000 0.134450
20.413984 1.000000 0.087460
84.178855 0.000000 0.122405
48.488891 0.000000 0.120786
101.797792 -3.000000 0.208774
66.036157 -2.000000 0.137148
34.328296 -1.000000 0.073197
21.641132 0.000000 0.073152
31.686464 -1.000000 0.130272
25.836391 2.000000 0.178246
60.918210 1.000000 0.155575
33.452354 1.000000 0.074579
74.572035 0.000000 0.159810
48.878479 2.000000 0.122568
50.080948 0.000000 0.190207
60.787855 -1.000000 0.125902
74.023263 -1.000000 0.162063
19.958691 -1.000000 0.047585
19.140064 0.000000 0.047478
27.855120 -1.000000 0.090772
17.660967 0.000000 0.075167
10.224120 0.000000 0.072156
10.245201 0.000000 0.072305
32.705239 2.000000 0.204299
52.425154 0.000000 0.161547
61.637885 4.000000 0.228618
61.947335 0.000000 0.087095
62.759192 0.000000 0.072573
32.724037 0.000000 0.074181
11.100468 0.000000 0.080071
86.737574 0.000000 0.154741
37.347855 -1.000000 0.072375
58.365807 0.000000 0.116116
29.570531 2.000000 0.162132
32.892347 1.000000 0.149957
20.922721 1.000000 0.073298
44.438397 1.000000 0.093313
106.187256 2.000000 0.195966
64.012481 0.000000 0.186813
42.431126 -1.000000 0.152258
43.579858 -1.000000 0.083093
42.409354 -1.000000 0.075018
37.248092 -1.000000 0.076721
35.237479 0.000000 0.072580
43.381087 -1.000000 0.090902
29.434241 0.000000 0.111360
42.922003 0.000000 0.167016
10.734893 0.000000 0.073522
23.283144 0.000000 0.074552
15.744979 0.000000 0.050415
86.443434 2.000000 0.161738
71.428405 1.000000 0.144188
15.672204 -1.000000 0.138674
47.238413 0.000000 0.144074
36.584811 -1.000000 0.094310
74.712657 -2.000000 0.166280
42.311392 -1.000000 0.082252
37.497907 -1.000000 0.074402
75.406427 1.000000 0.165939
68.934395 1.000000 0.122706
77.225152 1.000000 0.156432
99.430895 2.000000 0.192209
41.632108 0.000000 0.178058
41.055254 -2.000000 0.148930
21.490226 0.000000 0.077957
56.464674 -2.000000 0.136017
55.437003 -1.000000 0.111071
18.487832 -1.000000 0.074074
21.592006 0.000000 0.126577
63.587784 2.000000 0.190524
48.256970 1.000000 0.097781
75.978143 1.000000 0.131383
39.802134 2.000000 0.064870
67.840354 0.000000 0.098853
86.607795 0.000000 0.126200
35.098922 0.000000 0.075618
101.186596 -1.000000 0.163019
62.257122 -1.000000 0.088243
45.689826 0.000000 0.063770
53.525870 -1.000000 0.136670
90.828315 0.000000 0.162378
34.024824 0.000000 0.071287
69.085928 1.000000 0.157474
20.336599 1.000000 0.155384
16.947467 -2.000000 0.119166
29.711066 -3.000000 0.142128
56.054595 -8.000000 0.189490
19.753182 -5.000000 0.121510
106.066534 -4.000000 0.140711
85.005194 -2.000000 0.146601
3.796847 -4.000000 0.170345
6.169469 -2.000000 0.072056
28.216961 -4.000000 0.108893
25.167262 -5.000000 0.108288
29.835480 -6.000000 0.132956
15.666628 -5.000000 0.141157
27.194446 -7.000000 0.212486
10.282478 -3.000000 0.158555
15.393942 -4.000000 0.152040
59.965717 -2.000000 0.197324
14.144760 -13.000000 0.106148
11.492052 0.000000 0.086241
5.902830 -6.000000 0.083010
39.669915 -4.000000 0.107618
25.131763 -1.000000 0.103074
5.377153 -1.000000 0.186452
6.070751 0.000000 0.139858
17.951916 0.000000 0.124596
18.725658 0.000000 0.180998
2.914486 0.000000 0.068605
3.729713 0.000000 0.081912
44.302647 0.000000 0.113228
33.986391 0.000000 0.077282
88.589497 -2.000000 0.176304
49.044665 0.000000 0.153956
39.935905 0.000000 0.172003
69.520366 1.000000 0.201866
35.156005 1.000000 0.087868
87.254126 2.000000 0.160031
24.118152 2.000000 0.129084
6.759361 0.000000 0.176920
25.734069 -1.000000 0.080034
70.373892 -1.000000 0.127349
52.249081 0.000000 0.094540
34.606171 0.000000 0.062617
69.696871 -1.000000 0.140122
41.074219 1.000000 0.191761
14.842514 0.000000 0.093174
24.992409 1.000000 0.072066
96.924440 1.000000 0.147634
81.698462 1.000000 0.142792
77.732294 1.000000 0.184832
54.019086 -2.000000 0.155554
99.318027 -2.000000 0.158818
50.328452 -1.000000 0.080590
41.646190 0.000000 0.176458
12.750425 0.000000 0.071841
12.679251 0.000000 0.071440
41.572551 1.000000 0.162230
33.958720 2.000000 0.072230
68.954279 0.000000 0.122960
50.818147 1.000000 0.100836
44.679319 1.000000 0.153452
41.185459 -1.000000 0.093762
20.750733 -1.000000 0.109350
33.818850 0.000000 0.069009
77.135082 -2.000000 0.141936
62.118150 0.000000 0.206871
15.463111 0.000000 0.069990
11.290119 1.000000 0.070497
36.962399 1.000000 0.102476
81.621096 2.000000 0.162599
98.922816 0.000000 0.182368
40.255388 0.000000 0.080164
40.665179 -1.000000 0.145234
9.687256 -2.000000 0.073398
26.740187 -1.000000 0.127393
98.048696 -2.000000 0.124728
86.167335 0.000000 0.109856
98.467762 0.000000 0.170718
52.288836 1.000000 0.128994
80.605648 2.000000 0.120806
113.756448 0.000000 0.170490
58.798733 3.000000 0.117940
24.154379 -1.000000 0.083873
54.098517 -1.000000 0.134727
118.370688 -3.000000 0.158001
58.829806 0.000000 0.078526
85.788264 0.000000 0.147103
31.788511 0.000000 0.081780
22.782579 0.000000 0.063936
29.896658 1.000000 0.066165
33.959264 0.000000 0.110403
46.789481 3.000000 0.087980
87.284426 1.000000 0.132517
38.965457 0.000000 0.063954
51.248100 1.000000 0.102112
76.344668 0.000000 0.147126
64.114110 0.000000 0.174251
77.375286 -2.000000 0.135628
78.785713 -1.000000 0.132618
69.542099 -1.000000 0.149297
28.279610 0.000000 0.127190
18.105361 1.000000 0.093293
36.365642 0.000000 0.081365
89.726553 1.000000 0.141621
115.287846 1.000000 0.169940
91.147228 1.000000 0.150207
33.584471 0.000000 0.149528
117.558034 -2.000000 0.167467
137.650845 -2.000000 0.204271
101.780411 0.000000 0.151040
153.335571 2.000000 0.218012
112.822961 1.000000 0.164969
92.460187 1.000000 0.154271
67.355266 0.000000 0.125564
112.410587 0.000000 0.209556
123.386733 -4.000000 0.181583
63.786416 -1.000000 0.114844
28.950759 2.000000 0.175157
28.156865 1.000000 0.093626
166.182952 4.000000 0.226547
80.553866 0.000000 0.115999
47.035488 0.000000 0.071124
52.460809 0.000000 0.086161
64.151571 -2.000000 0.178125
113.243378 -3.000000 0.155455
88.701733 -1.000000 0.159534
37.511589 0.000000 0.106360
22.675348 1.000000 0.078274
31.752822 1.000000 0.094978
101.055443 2.000000 0.202217
81.379235 3.000000 0.122864
87.398224 0.000000 0.138975
44.555175 -3.000000 0.118438
33.099698 0.000000 0.127754
49.224658 -1.000000 0.171381
113.765032 -4.000000 0.160377
82.192520 0.000000 0.172983
78.427319 2.000000 0.159636
95.029668 3.000000 0.130198
115.722397 1.000000 0.169304
121.631990 0.000000 0.192232
45.920252 0.000000 0.072574
128.944486 -2.000000 0.168854
67.974226 -1.000000 0.085453
120.432644 -1.000000 0.193684
91.344791 1.000000 0.182375
117.737673 3.000000 0.196957
46.199633 1.000000 0.084187
66.525656 1.000000 0.182768
57.726627 -1.000000 0.138485
69.687389 -2.000000 0.114433
101.458668 0.000000 0.166604
121.914143 -2.000000 0.198284
64.873141 0.000000 0.121193
78.212037 1.000000 0.131941
125.761062 3.000000 0.168120
88.785352 1.000000 0.168403
99.886034 0.000000 0.176111
127.496152 -2.000000 0.166857
102.548077 -1.000000 0.126004
58.498939 -1.000000 0.074839
46.817202 -1.000000 0.074198
127.442459 0.000000 0.213779
115.232561 4.000000 0.161073
125.802343 2.000000 0.176491
108.858389 0.000000 0.180261
94.230097 0.000000 0.156038
95.271349 -5.000000 0.126062
133.894492 -1.000000 0.179547
55.578292 0.000000 0.104419
48.324955 0.000000 0.164850
141.860312 3.000000 0.188886
100.516363 1.000000 0.139801
87.935385 1.000000 0.135512
87.423534 -1.000000 0.159323
59.750765 -2.000000 0.118688
68.972055 -2.000000 0.139048
54.368932 -1.000000 0.099601
63.096075 0.000000 0.117519
42.916423 0.000000 0.100704
60.690877 0.000000 0.142412
46.523378 4.000000 0.107983
34.832533 0.000000 0.140208
20.360786 -1.000000 0.132485
20.625554 -7.000000 0.156578
23.376620 -6.000000 0.170444
24.543748 -11.000000 0.152676
9.776958 -6.000000 0.171098
20.570423 -5.000000 0.198965
3.400410 -4.000000 0.180256
1.410032 -2.000000 0.072052
16.935856 -8.000000 0.189154
37.518756 -8.000000 0.117680
29.465759 -4.000000 0.096762
5.783440 -12.000000 0.217840
3.236709 -3.000000 0.176563
5.303557 -1.000000 0.171507
4.305753 -6.000000 0.106624
4.627805 -1.000000 0.157734
47.313495 -7.000000 0.142543
13.257781 -2.000000 0.119249
8.887716 -1.000000 0.065098
36.045265 0.000000 0.172910
51.161835 1.000000 0.150394
32.490439 1.000000 0.088491
43.075408 1.000000 0.152451
33.931393 0.000000 0.084690
23.123302 0.000000 0.056745
46.041781 0.000000 0.094839
84.520484 -1.000000 0.153366
95.953127 -1.000000 0.179154
42.151359 0.000000 0.131945
21.150863 0.000000 0.090400
61.048406 1.000000 0.131142
102.901081 1.000000 0.160527
93.006748 1.000000 0.169890
51.106711 0.000000 0.137879
23.533411 0.000000 0.063490
19.465899 -1.000000 0.064720
31.136326 0.000000 0.067970
99.818452 -1.000000 0.137012
101.333076 -1.000000 0.125608
89.209287 0.000000 0.112686
83.832198 -1.000000 0.122967
76.040559 1.000000 0.164527
49.348429 1.000000 0.079094
68.752350 0.000000 0.097903
59.281331 2.000000 0.088280
72.451772 0.000000 0.100435
66.304839 0.000000 0.091914
15.843113 -1.000000 0.087662
26.578848 -1.000000 0.073222
64.070587 0.000000 0.102987
96.615708 -3.000000 0.126193
69.438838 0.000000 0.092273
63.102845 0.000000 0.088506
64.072525 0.000000 0.108408
51.171231 2.000000 0.114190
37.819989 0.000000 0.067608
36.793534 1.000000 0.053032
67.653362 1.000000 0.092096
98.029456 1.000000 0.134234
75.033879 1.000000 0.116038
52.927532 0.000000 0.105074
25.800314 -1.000000 0.104796
21.791866 0.000000 0.064986
107.867102 -2.000000 0.146068
57.277377 -1.000000 0.073533
64.372243 -1.000000 0.098261
87.395844 0.000000 0.133405
79.949896 3.000000 0.149376
102.875113 1.000000 0.151342
80.684108 2.000000 0.193031
34.477881 0.000000 0.082486
56.805804 0.000000 0.153023
85.466650 -2.000000 0.160007
52.899246 -1.000000 0.089196
70.630979 -1.000000 0.124035
70.949149 1.000000 0.128154
71.074420 0.000000 0.168447
49.451034 1.000000 0.085201
66.670839 0.000000 0.095533
138.315403 2.000000 0.186760
44.219254 -1.000000 0.115289
1.572947 -1.000000 0.091067
120.453032 -1.000000 0.183691
112.485065 -1.000000 0.151668
67.091446 -1.000000 0.136292
76.992217 0.000000 0.168363
132.842152 1.000000 0.186515
143.771840 2.000000 0.193788
112.699090 0.000000 0.173636
108.488644 0.000000 0.158194
131.102641 -2.000000 0.166353
105.884626 0.000000 0.169927
56.937546 0.000000 0.091375
56.906954 0.000000 0.108257
91.450465 1.000000 0.195281
100.520378 3.000000 0.160935
105.083900 0.000000 0.168288
85.796148 -1.000000 0.153113
66.337748 -1.000000 0.104045
50.167020 0.000000 0.071454
126.278238 -1.000000 0.178697
107.250082 0.000000 0.157280
46.096999 0.000000 0.137666
111.108407 1.000000 0.151386
114.502031 1.000000 0.148901
65.438671 0.000000 0.183431
6.412610 -1.000000 0.099062
42.433826 -1.000000 0.106529
130.454923 -2.000000 0.167346
74.588259 0.000000 0.098449
80.868781 0.000000 0.113938
44.556544 1.000000 0.107035
75.671686 2.000000 0.159794
119.736459 1.000000 0.162920
57.995914 1.000000 0.092785
80.051866 0.000000 0.142966
28.690639 0.000000 0.073238
103.598065 -3.000000 0.196986
61.926006 -1.000000 0.097668
58.642950 -1.000000 0.098946
32.904249 0.000000 0.151904
8.638378 1.000000 0.074277
97.677914 2.000000 0.170203
126.381689 2.000000 0.172428
96.623624 0.000000 0.177007
103.380683 -1.000000 0.158636
66.590809 0.000000 0.084361
154.389894 0.000000 0.195590
73.862008 -2.000000 0.135424
64.369200 0.000000 0.118019
49.005556 1.000000 0.097656
147.217186 1.000000 0.180942
106.155433 1.000000 0.134371
93.638628 -1.000000 0.160013
81.527079 -3.000000 0.201989
20.998424 -1.000000 0.135818
11.302712 0.000000 0.073106
99.116413 0.000000 0.208454
23.496293 1.000000 0.151864
12.774074 0.000000 0.082563
44.034046 1.000000 0.092841
123.114967 3.000000 0.174478
92.278288 0.000000 0.150993
104.725951 0.000000 0.171361
90.254028 -2.000000 0.158553
79.825556 -2.000000 0.105935
76.707106 -2.000000 0.158827
105.733804 1.000000 0.224851
111.964570 3.000000 0.159144
67.617386 2.000000 0.103260
58.273621 1.000000 0.087583
77.161036 0.000000 0.121304
77.228681 0.000000 0.142868
40.592502 0.000000 0.066150
55.222933 -1.000000 0.081384
39.047586 -1.000000 0.073489
55.337939 0.000000 0.127583
87.085574 0.000000 0.200778
54.988993 0.000000 0.128070
101.655630 1.000000 0.141876
80.731582 1.000000 0.102251
53.198292 0.000000 0.131216
19.232350 0.000000 0.063941
101.686383 -3.000000 0.188631
77.183684 -1.000000 0.120055
68.643784 -1.000000 0.088275
50.960192 0.000000 0.067963
48.416633 0.000000 0.064571
29.368000 0.000000 0.067139
31.238227 1.000000 0.167934
102.849152 2.000000 0.156327
75.385966 1.000000 0.096095
119.764616 0.000000 0.152665
32.785471 0.000000 0.130021
35.728674 -1.000000 0.087850
144.217478 -1.000000 0.200121
124.509880 0.000000 0.156748
54.569649 -2.000000 0.134109
55.522579 1.000000 0.119793
117.814919 1.000000 0.176222
131.198110 0.000000 0.172349
113.474588 1.000000 0.153340
103.086989 -2.000000 0.211983
137.355394 -2.000000 0.231843
103.546661 0.000000 0.174777
6.465711 2.000000 0.096197
5.173938 1.000000 0.104532
103.622411 1.000000 0.145168
111.381511 0.000000 0.156038
127.970940 0.000000 0.199698
25.350517 -1.000000 0.096117
83.375484 -3.000000 0.166234
106.681253 -1.000000 0.177919
95.310015 0.000000 0.138665
53.592643 1.000000 0.088872
119.733885 0.000000 0.198553
81.521144 1.000000 0.107580
68.761130 1.000000 0.115952
84.165138 0.000000 0.165857
19.278294 0.000000 0.143323
85.228918 -1.000000 0.177272
131.173915 -2.000000 0.161006
86.087729 -1.000000 0.135832
39.274767 1.000000 0.071865
27.885498 0.000000 0.110750
67.661278 0.000000 0.141777
105.158244 2.000000 0.166850
57.709465 -1.000000 0.243010
64.672237 -1.000000 0.171090
51.363567 -3.000000 0.161739
76.223609 -1.000000 0.185372
111.120208 -1.000000 0.201436
35.005948 -1.000000 0.075977
97.123268 0.000000 0.210797
28.992302 -13.000000 0.141774
45.532848 -7.000000 0.161533
27.239461 -9.000000 0.158482
13.953502 0.000000 0.081183
10.899292 -6.000000 0.227147
11.382822 -3.000000 0.065246
11.180673 0.000000 0.064087
3.429744 -5.000000 0.155212
17.541609 -10.000000 0.144828
21.161124 -6.000000 0.176726
73.495148 -6.000000 0.153692
25.347669 -2.000000 0.117213
12.140510 -1.000000 0.077041
13.133504 0.000000 0.085853
5.284268 -2.000000 0.113512
27.624163 -1.000000 0.145157
47.869751 -1.000000 0.181232
49.526915 -4.000000 0.133356
24.852293 -2.000000 0.084311
17.315600 -1.000000 0.128283
31.565252 -2.000000 0.123518
20.411862 0.000000 0.148957
27.112150 0.000000 0.100073
29.158351 0.000000 0.069920
36.833290 1.000000 0.075491
63.902609 1.000000 0.121189
67.328274 0.000000 0.135757
21.887191 0.000000 0.063755
32.970548 -1.000000 0.172150
24.031492 0.000000 0.070540
104.588508 -2.000000 0.146311
52.287042 -2.000000 0.071755
84.972528 -1.000000 0.151341
45.986583 1.000000 0.164946
42.825451 1.000000 0.143996
43.466306 2.000000 0.077934
56.990280 0.000000 0.087194
53.939800 1.000000 0.085330
55.813244 0.000000 0.078797
92.789666 1.000000 0.138647
58.687527 -1.000000 0.154876
100.656453 -2.000000 0.137133
118.727042 -2.000000 0.169830
71.540090 0.000000 0.132561
72.870320 0.000000 0.151601
38.082256 1.000000 0.076229
46.618550 0.000000 0.073364
79.030990 1.000000 0.108950
44.679754 1.000000 0.068265
74.878966 0.000000 0.124084
62.358292 0.000000 0.153776
35.665071 -1.000000 0.076946
34.198066 0.000000 0.073781
88.793895 -1.000000 0.127437
77.743108 -3.000000 0.112622
102.021931 0.000000 0.143636
42.002070 1.000000 0.080338
20.836565 1.000000 0.084207
97.761016 3.000000 0.144903
90.432688 2.000000 0.121860
92.128005 1.000000 0.121978
88.745226 1.000000 0.126652
48.137257 -1.000000 0.096781
76.731219 -1.000000 0.117921
80.751814 -2.000000 0.102838
95.450164 -1.000000 0.120465
43.284608 0.000000 0.058160
27.653061 0.000000 0.064067
27.305290 0.000000 0.061246
43.039546 0.000000 0.093095
32.608301 0.000000 0.066520
42.694868 1.000000 0.078040
71.636391 1.000000 0.106334
104.533499 1.000000 0.173068
51.861576 0.000000 0.128007
73.435424 -1.000000 0.147844
42.017243 -1.000000 0.070700
70.967282 -1.000000 0.108222
55.411017 0.000000 0.090975
72.775329 0.000000 0.134229
80.270859 0.000000 0.162925
58.671751 1.000000 0.108401
89.807331 1.000000 0.119228
106.625243 2.000000 0.137700
71.205343 0.000000 0.100615
64.183478 0.000000 0.131800
10.860799 -1.000000 0.116783
111.900690 -1.000000 0.163709
51.487449 -1.000000 0.075543
53.932263 0.000000 0.085547
88.500663 0.000000 0.125724
39.342697 2.000000 0.075817
58.898373 0.000000 0.089891
55.717959 0.000000 0.073455
92.899289 1.000000 0.114803
86.531238 0.000000 0.145756
24.595345 0.000000 0.131393
39.733535 -1.000000 0.112515
81.300951 0.000000 0.108106
82.237230 -1.000000 0.104275
76.862849 0.000000 0.105568
41.065226 0.000000 0.071113
36.485228 0.000000 0.063182
32.592910 1.000000 0.065146
18.323635 0.000000 0.063795
27.138357 1.000000 0.062582
72.131487 1.000000 0.099055
47.698097 0.000000 0.063397
46.627440 1.000000 0.063765
41.311488 0.000000 0.064809
15.765483 -1.000000 0.064647
15.152074 0.000000 0.062132
21.624433 0.000000 0.063398
28.814917 0.000000 0.062005
45.594865 -1.000000 0.063086
47.871035 -1.000000 0.063638
45.928158 0.000000 0.061055
47.540799 -1.000000 0.062089
63.229112 0.000000 0.099601
38.709669 0.000000 0.062378
38.161793 0.000000 0.061495
39.889759 0.000000 0.060628
41.450419 0.000000 0.063000
33.229220 1.000000 0.063501
45.043585 1.000000 0.061458
49.342494 0.000000 0.063615
49.040394 1.000000 0.062744
48.740774 0.000000 0.061663
47.022500 1.000000 0.063137
44.718386 0.000000 0.060043
52.476041 -1.000000 0.062875
35.666092 0.000000 0.062159
76.004482 -1.000000 0.097720
54.256670 0.000000 0.067082
43.125030 0.000000 0.053319
43.876511 0.000000 0.054248
46.261663 -2.000000 0.058904
41.715578 0.000000 0.055051
36.682123 0.000000 0.054555
33.269378 1.000000 0.053689
33.436768 0.000000 0.053959
27.868122 0.000000 0.055217
33.317188 1.000000 0.057692
71.349014 0.000000 0.090066
34.379826 1.000000 0.043024
31.597334 0.000000 0.039542
44.457937 0.000000 0.066078
37.009522 0.000000 0.060129
33.049322 0.000000 0.054160
31.548912 0.000000 0.051701
27.490688 -1.000000 0.053891
13.387237 -1.000000 0.055186
23.780243 -2.000000 0.056367
22.526052 0.000000 0.053394
10.788188 1.000000 0.054143
10.920112 0.000000 0.054805
37.164515 -1.000000 0.057756
34.147427 0.000000 0.053067
33.685139 0.000000 0.054621
30.288263 1.000000 0.053719
45.744742 0.000000 0.089786
19.934901 0.000000 0.053399
9.547784 1.000000 0.055238
9.243735 0.000000 0.053479
12.405801 0.000000 0.055697
30.633536 1.000000 0.055264
41.538390 1.000000 0.055980
43.205077 0.000000 0.058226
64.817799 1.000000 0.095455
19.366026 0.000000 0.055066
18.745965 0.000000 0.053303
18.734711 0.000000 0.053922
18.033583 0.000000 0.051904
13.956327 -1.000000 0.055168
13.423324 0.000000 0.053061
36.496166 -1.000000 0.055939
45.561908 0.000000 0.056222
43.066757 0.000000 0.053143
57.262143 -1.000000 0.065231
50.943432 0.000000 0.062560
47.236581 0.000000 0.058008
39.497795 -1.000000 0.060617
33.292317 0.000000 0.060498
27.380575 1.000000 0.095514
8.109872 1.000000 0.056033
19.776543 0.000000 0.054411
20.583141 1.000000 0.054740
33.112426 0.000000 0.056911
35.378560 1.000000 0.053945
20.832723 0.000000 0.055066
10.295727 0.000000 0.055158
9.714075 0.000000 0.052042
9.137359 0.000000 0.054476
26.804184 -1.000000 0.055168
25.440871 0.000000 0.052362
20.578502 -1.000000 0.055052
24.817335 -1.000000 0.055100
16.451032 0.000000 0.090867
9.504481 0.000000 0.052498
8.365080 -1.000000 0.053768
24.346315 -1.000000 0.054593
23.733667 0.000000 0.053219
40.879293 -1.000000 0.054275
27.788897 0.000000 0.070120
21.152061 0.000000 0.053373
38.607583 1.000000 0.056422
35.483914 0.000000 0.051857
24.130706 0.000000 0.054101
20.973490 1.000000 0.054850
19.890528 0.000000 0.052018
24.595549 1.000000 0.054586
60.918444 1.000000 0.109570
36.553996 0.000000 0.062321
36.198655 0.000000 0.061715
33.939906 0.000000 0.064038
39.395472 -1.000000 0.062088
33.606805 -2.000000 0.061393
35.919274 -1.000000 0.059303
58.694642 0.000000 0.096905
45.544417 -1.000000 0.064887
41.886050 0.000000 0.059675
42.366773 -1.000000 0.060368
42.843981 0.000000 0.061048
42.887485 0.000000 0.061110
14.080030 -1.000000 0.062415
7.817710 0.000000 0.060981
15.953311 2.000000 0.061885
25.382582 1.000000 0.060230
41.864019 1.000000 0.061238
46.611780 1.000000 0.059296
45.270623 0.000000 0.057590
48.420652 1.000000 0.060914
47.150144 0.000000 0.060583
49.823365 0.000000 0.065159
48.042271 0.000000 0.059634
42.248413 0.000000 0.061416
41.206295 0.000000 0.059901
25.999469 -1.000000 0.094118
14.781221 0.000000 0.053508
39.012444 -2.000000 0.060753
34.181053 0.000000 0.053229
40.830520 -1.000000 0.056246
40.340807 0.000000 0.056388
36.302457 -1.000000 0.056131
34.821253 0.000000 0.053841
11.996362 0.000000 0.055617
13.850986 1.000000 0.053890
13.784682 0.000000 0.053632
26.840786 0.000000 0.055005
32.967321 0.000000 0.054325
56.145334 0.000000 0.095741
25.277807 -1.000000 0.061805
24.312151 0.000000 0.059444
13.617008 -1.000000 0.060133
10.740357 -2.000000 0.062039
7.473262 -3.000000 0.059275
9.166124 -3.000000 0.060278
20.314807 -7.000000 0.060796
12.989918 0.000000 0.038875
12.807561 0.000000 0.038329
15.089126 -3.000000 0.046605
16.099867 -4.000000 0.070153
11.765629 -3.000000 0.058148
15.490898 -3.000000 0.098310
7.839823 -2.000000 0.061284
9.012494 -1.000000 0.070712
6.256843 -1.000000 0.068718
5.358237 -3.000000 0.063496
0.825214 -4.000000 0.065126
0.788203 0.000000 0.062205
1.572149 -3.000000 0.065076
2.966995 -3.000000 0.054631
12.939489 -7.000000 0.054986
12.539962 0.000000 0.053288
8.614185 -5.000000 0.055023
5.834355 -5.000000 0.089292
0.999574 -4.000000 0.051941
11.827006 -4.000000 0.053142
11.256121 0.000000 0.050577
12.336621 -3.000000 0.051802
17.318389 -4.000000 0.051831
16.564935 -2.000000 0.051119
12.897551 -2.000000 0.051476
12.738412 0.000000 0.050841
13.451535 -2.000000 0.063399
12.525814 0.000000 0.059036
9.379257 -1.000000 0.055396
10.303668 0.000000 0.060856
2.338670 0.000000 0.094708
1.798159 0.000000 0.060732
4.474700 0.000000 0.058567
11.068569 0.000000 0.058117
13.664438 0.000000 0.059917
11.973094 0.000000 0.055894
17.090786 0.000000 0.058125
28.219293 -1.000000 0.072090
36.994268 0.000000 0.088023
23.957481 -1.000000 0.053092
23.414606 0.000000 0.051889
27.066320 -1.000000 0.054139
25.867815 0.000000 0.051742
26.796331 0.000000 0.056427
23.805129 0.000000 0.052629
20.733281 1.000000 0.054345
19.251462 0.000000 0.050461
15.215043 0.000000 0.056917
16.889196 1.000000 0.050719
24.442929 0.000000 0.052240
47.205518 1.000000 0.094253
27.900650 0.000000 0.055708
32.043791 0.000000 0.061088
30.269343 1.000000 0.061766
18.539399 0.000000 0.058096
9.745578 1.000000 0.056348
9.997939 0.000000 0.057807
10.766898 0.000000 0.039827
12.733832 0.000000 0.040013
13.701842 0.000000 0.043055
21.587181 -1.000000 0.057863
34.170381 0.000000 0.056992
34.184104 0.000000 0.057015
58.427250 -1.000000 0.095411
39.575538 -1.000000 0.057638
43.918375 0.000000 0.061075
37.767585 -1.000000 0.056874
35.780817 0.000000 0.061153
29.735068 0.000000 0.058974
28.492911 0.000000 0.056510
21.251899 -1.000000 0.059646
25.042629 1.000000 0.061304
33.344757 0.000000 0.057826
37.287298 0.000000 0.057450
37.895437 0.000000 0.058387
35.002056 0.000000 0.053929
42.034637 0.000000 0.061982
62.818491 1.000000 0.092950
28.466963 1.000000 0.059696
12.654990 0.000000 0.079667
12.905037 0.000000 0.058276
14.759689 0.000000 0.064755
12.691229 0.000000 0.055680
7.478578 0.000000 0.061924
47.958795 -1.000000 0.104417
36.965590 0.000000 0.065628
26.843510 0.000000 0.062398
23.162779 0.000000 0.053842
8.010661 0.000000 0.061832
9.707175 0.000000 0.059685
8.568523 1.000000 0.063522
7.655554 0.000000 0.056754
19.819689 0.000000 0.060561
36.778012 1.000000 0.061403
41.490053 0.000000 0.059171
40.702790 1.000000 0.065661
33.660254 0.000000 0.054300
33.406289 0.000000 0.053559
56.793107 1.000000 0.097254
35.054390 0.000000 0.060028
22.580785 0.000000 0.055351
22.603744 0.000000 0.065874
17.949154 0.000000 0.052309
25.285809 0.000000 0.054594
40.153678 -2.000000 0.066645
38.620844 -1.000000 0.056065
36.606784 0.000000 0.058539
31.438478 0.000000 0.050274
27.982383 0.000000 0.052818
26.058408 0.000000 0.051337
52.186895 0.000000 0.086936
26.636048 0.000000 0.036787
25.458879 0.000000 0.035161
9.792503 0.000000 0.042585
18.533494 1.000000 0.059854
25.819586 1.000000 0.059826
32.757467 0.000000 0.058352
31.546592 0.000000 0.056195
36.464886 1.000000 0.057947
37.468188 0.000000 0.060564
35.196562 0.000000 0.056892
40.374353 0.000000 0.058941
31.416701 0.000000 0.058096
20.185318 -1.000000 0.094276
15.967170 0.000000 0.059049
26.150961 -1.000000 0.057585
34.414745 0.000000 0.060158
38.760376 0.000000 0.058572
43.353168 -1.000000 0.059097
39.856688 0.000000 0.059335
53.430152 0.000000 0.091168
26.880170 0.000000 0.059484
14.720129 0.000000 0.059638
10.292787 1.000000 0.058667
9.767705 0.000000 0.055674
20.162674 1.000000 0.060561
25.262909 1.000000 0.057227
24.901479 0.000000 0.056408
33.537998 0.000000 0.058479
21.784969 2.000000 0.058339
21.017173 0.000000 0.056283
29.631976 1.000000 0.062151
32.914351 0.000000 0.059519
10.707880 0.000000 0.058716
32.734306 -1.000000 0.094394
19.496870 0.000000 0.056222
22.325728 -1.000000 0.058357
21.436463 0.000000 0.056965
35.445337 -2.000000 0.059675
33.932613 0.000000 0.057128
32.690297 0.000000 0.057660
33.602516 0.000000 0.059970
29.519333 0.000000 0.058584
19.047351 0.000000 0.058219
12.086384 1.000000 0.057245
11.713528 0.000000 0.055479
32.341377 2.000000 0.097075
22.240423 1.000000 0.057454
22.499282 0.000000 0.057579
12.292920 1.000000 0.058077
12.317850 0.000000 0.058195
