0.000000 0.000000 0.000000
0.000000 0.000000 0.029768
1.340880 0.000000 0.028731
1.581715 0.000000 0.033891
-0.261303 0.000000 0.032578
-5.263836 1.000000 0.058106
-2.969285 0.000000 0.032777
-7.330841 0.000000 0.039080
-5.956428 0.000000 0.031753
-10.400222 0.000000 0.035998
-9.626264 0.000000 0.033319
-8.530293 0.000000 0.034011
-8.431927 0.000000 0.033619
-3.872155 0.000000 0.034298
-3.733856 0.000000 0.033073
-1.316871 0.000000 0.035478
-1.273101 0.000000 0.034299
-0.288324 0.000000 0.034113
-0.293325 0.000000 0.034705
-1.509433 -1.000000 0.034771
-1.457518 0.000000 0.033575
-0.002153 0.000000 0.034083
0.175972 -1.000000 0.034683
0.171888 0.000000 0.033878
0.858986 -1.000000 0.033859
0.853204 0.000000 0.033631
2.357137 -1.000000 0.033849
2.294313 0.000000 0.032947
0.577689 0.000000 0.034365
0.517334 0.000000 0.030775
-0.472639 0.000000 0.030791
-0.438069 0.000000 0.028539
0.577994 1.000000 0.038809
0.443343 0.000000 0.029768
0.561325 0.000000 0.059660
0.278998 0.000000 0.029653
0.408443 0.000000 0.029968
0.430221 0.000000 0.031566
-0.398349 1.000000 0.031884
-0.367561 0.000000 0.029420
-1.388230 0.000000 0.027885
-1.355470 0.000000 0.027227
-1.877335 0.000000 0.034953
-1.756323 0.000000 0.032700
-1.263689 1.000000 0.031523
-1.247613 0.000000 0.031122
-0.213192 -1.000000 0.038178
-0.179625 0.000000 0.032167
1.260038 0.000000 0.033452
1.296158 0.000000 0.034411
2.202889 0.000000 0.032938
1.975699 0.000000 0.029541
2.290187 -1.000000 0.034308
2.184796 0.000000 0.032729
1.229288 0.000000 0.033431
1.197525 0.000000 0.032567
0.135661 0.000000 0.034436
0.127038 0.000000 0.032247
-1.069861 0.000000 0.036533
-1.211357 1.000000 0.048460
-1.133791 0.000000 0.045357
-0.949369 0.000000 0.044960
-0.033086 0.000000 0.047936
1.754881 0.000000 0.083431
1.581938 1.000000 0.055362
1.073444 -1.000000 0.047737
1.002456 0.000000 0.044580
0.980533 0.000000 0.046202
0.157496 1.000000 0.048122
0.146414 0.000000 0.044736
-0.638066 0.000000 0.046196
-1.172474 0.000000 0.041842
-1.149753 0.000000 0.041031
-1.012123 0.000000 0.041984
-0.810230 0.000000 0.040339
-0.801812 0.000000 0.039920
-0.635086 0.000000 0.041762
-0.599634 0.000000 0.039431
-0.598041 0.000000 0.041717
-0.628532 0.000000 0.040950
-0.635346 0.000000 0.041394
-0.716249 0.000000 0.040423
-0.323489 0.000000 0.040299
-0.314837 0.000000 0.039221
-0.007273 0.000000 0.043127
0.479909 0.000000 0.042876
1.015056 0.000000 0.074788
0.539583 0.000000 0.039756
0.445843 0.000000 0.041753
-0.032422 0.000000 0.040912
-0.031824 0.000000 0.040156
-0.450844 0.000000 0.042705
-0.422190 0.000000 0.039991
-0.290366 0.000000 0.041876
-0.354176 0.000000 0.041210
-0.333542 0.000000 0.038809
0.118179 0.000000 0.041843
0.183514 0.000000 0.040830
0.190459 0.000000 0.042375
0.047432 0.000000 0.041140
0.046972 0.000000 0.040741
-0.015693 0.000000 0.041178
0.094842 0.000000 0.041003
0.092994 0.000000 0.040204
0.223354 0.000000 0.040207
0.407583 0.000000 0.039516
0.440570 0.000000 0.042714
0.232823 0.000000 0.041091
0.232495 0.000000 0.041033
0.249081 -1.000000 0.041995
0.440937 0.000000 0.042258
0.581308 0.000000 0.039786
0.579427 0.000000 0.039657
0.516188 0.000000 0.041502
0.500937 0.000000 0.040276
0.172131 0.000000 0.041349
0.566767 0.000000 0.077047
0.234734 0.000000 0.041031
0.227318 0.000000 0.039735
0.287227 0.000000 0.040348
0.283029 0.000000 0.041771
0.264918 0.000000 0.039098
0.190979 0.000000 0.042387
-0.057902 0.000000 0.041439
-0.058490 0.000000 0.041860
-0.091945 0.000000 0.042619
-0.084743 0.000000 0.041994
-0.081341 0.000000 0.040308
0.100488 0.000000 0.042693
0.097303 0.000000 0.041340
0.297708 0.000000 0.042109
1.199259 0.000000 0.042307
12.505616 0.000000 0.159770
5.061712 0.000000 0.052367
5.381984 0.000000 0.047778
5.131705 0.000000 0.045556
4.307712 0.000000 0.046189
2.693202 0.000000 0.047011
3.213569 0.000000 0.047164
7.910958 1.000000 0.086821
5.541568 0.000000 0.048143
5.061251 0.000000 0.043970
7.791397 0.000000 0.046469
8.745118 0.000000 0.048070
8.066744 0.000000 0.044341
8.425532 0.000000 0.044350
6.815181 0.000000 0.045423
6.631525 0.000000 0.047702
6.450355 0.000000 0.046399
5.061244 0.000000 0.045435
4.855079 0.000000 0.046265
4.939020 0.000000 0.047065
3.271082 0.000000 0.045485
1.764600 1.000000 0.046107
-0.302894 0.000000 0.047220
-0.285601 0.000000 0.044524
-2.353820 0.000000 0.045307
-2.496899 0.000000 0.045915
-2.370745 0.000000 0.043595
2.123506 1.000000 0.046679
11.016803 0.000000 0.046819
30.229006 1.000000 0.089947
18.997551 0.000000 0.051999
20.817567 1.000000 0.047799
19.298119 0.000000 0.044310
20.991640 1.000000 0.047384
13.760393 1.000000 0.047798
12.786769 0.000000 0.044416
6.790934 0.000000 0.046965
5.868683 1.000000 0.045915
7.163550 0.000000 0.044860
7.218946 0.000000 0.045207
2.888125 0.000000 0.045072
-2.166449 0.000000 0.045604
-2.189113 0.000000 0.046081
-3.453146 -1.000000 0.046245
6.546653 0.000000 0.045493
15.595651 0.000000 0.045478
15.110323 0.000000 0.044063
20.121016 -1.000000 0.047544
21.118629 -1.000000 0.044768
21.568622 0.000000 0.045722
21.616566 -1.000000 0.045414
17.563997 0.000000 0.077045
1.793819 -1.000000 0.045991
-0.075110 0.000000 0.045635
-0.071482 0.000000 0.043431
-1.773042 0.000000 0.045244
-2.662647 0.000000 0.046559
-2.811730 0.000000 0.049166
-13.815783 0.000000 0.050842
-9.314434 1.000000 0.046079
1.459182 0.000000 0.048665
1.379338 0.000000 0.046002
4.950599 1.000000 0.045160
12.192572 0.000000 0.045153
12.648572 0.000000 0.046842
17.883617 0.000000 0.045612
9.665644 1.000000 0.044533
6.642611 0.000000 0.030605
0.752226 0.000000 0.030063
0.739412 0.000000 0.029551
-0.878771 0.000000 0.038975
1.863611 1.000000 0.045147
1.870421 0.000000 0.045312
5.063321 0.000000 0.077421
-0.595345 0.000000 0.044785
-3.934115 -1.000000 0.044693
6.664167 0.000000 0.044208
6.572949 0.000000 0.043603
15.538420 -1.000000 0.047115
17.984073 -1.000000 0.047273
16.660644 0.000000 0.043794
21.144625 -1.000000 0.044245
15.300798 -1.000000 0.047332
14.429572 0.000000 0.044637
7.556631 -1.000000 0.045133
2.991027 -1.000000 0.047452
2.102659 0.000000 0.047407
2.022503 0.000000 0.045600
-0.017833 -1.000000 0.047221
-0.085122 1.000000 0.045849
-0.081919 0.000000 0.044124
-7.835707 0.000000 0.047305
-1.596621 0.000000 0.044815
-1.527037 0.000000 0.042862
39.793067 1.000000 0.077289
23.034396 0.000000 0.044739
26.737554 0.000000 0.044927
27.579175 1.000000 0.045953
27.193263 0.000000 0.045310
26.108276 0.000000 0.044833
26.644127 1.000000 0.046560
26.247646 0.000000 0.047522
24.242342 0.000000 0.043891
18.058694 0.000000 0.044730
18.570679 0.000000 0.046726
17.593359 0.000000 0.044267
12.676274 0.000000 0.045480
10.646992 -1.000000 0.050152
8.532100 0.000000 0.040190
23.679968 -1.000000 0.053264
28.027926 -2.000000 0.050511
26.103418 -1.000000 0.044780
26.049215 0.000000 0.044687
24.509387 -1.000000 0.044568
21.366556 -1.000000 0.045106
32.381316 -1.000000 0.075697
8.939102 0.000000 0.045437
8.528771 0.000000 0.043351
0.845789 0.000000 0.043897
-27.696906 0.000000 0.043697
-28.083468 0.000000 0.044307
-28.019147 1.000000 0.044633
-0.875665 0.000000 0.043871
-0.871996 0.000000 0.043687
13.658462 1.000000 0.044499
18.047913 1.000000 0.044642
17.868053 0.000000 0.044197
17.684421 0.000000 0.044959
8.806490 1.000000 0.042881
8.169613 0.000000 0.039780
4.747557 0.000000 0.041699
6.362593 0.000000 0.042116
6.002841 0.000000 0.039735
10.494191 0.000000 0.041512
7.781928 0.000000 0.043758
7.299583 0.000000 0.041046
0.895702 -1.000000 0.041090
0.903071 0.000000 0.041428
-3.856192 -1.000000 0.041288
-2.667947 -1.000000 0.072742
11.955947 -1.000000 0.043997
15.992538 -2.000000 0.045538
17.023679 0.000000 0.048474
19.088139 -3.000000 0.045725
15.161124 -2.000000 0.031500
14.674003 0.000000 0.030488
13.187493 -4.000000 0.031830
12.623757 0.000000 0.030469
12.410689 0.000000 0.029955
9.076686 -3.000000 0.027489
8.943327 0.000000 0.027085
11.432611 -4.000000 0.034190
10.657856 0.000000 0.031873
16.827680 -4.000000 0.044210
15.604841 -3.000000 0.041833
14.813304 0.000000 0.039711
10.229800 -4.000000 0.042158
9.702062 0.000000 0.039983
6.910645 -4.000000 0.040312
9.296680 -3.000000 0.040072
9.001364 0.000000 0.038799
17.145283 -4.000000 0.039924
16.760097 0.000000 0.039027
22.240700 -3.000000 0.043934
22.964079 -3.000000 0.042812
38.113139 0.000000 0.071054
20.385968 -3.000000 0.040028
23.317714 -3.000000 0.042024
21.119439 -3.000000 0.042065
20.392487 0.000000 0.040617
21.126319 -3.000000 0.045695
20.333329 -3.000000 0.048048
14.397110 -2.000000 0.047009
13.751771 0.000000 0.044902
6.090789 -3.000000 0.046946
0.491861 -2.000000 0.047657
0.481292 0.000000 0.046633
7.008262 -2.000000 0.046154
17.175964 -3.000000 0.046957
21.063986 -2.000000 0.047697
19.928113 0.000000 0.045125
23.865969 -2.000000 0.046737
17.863750 -1.000000 0.047725
17.453150 0.000000 0.046628
5.179208 -2.000000 0.047065
-2.581840 -1.000000 0.047402
2.837294 -1.000000 0.046749
2.791526 0.000000 0.045995
7.658012 -1.000000 0.077400
4.526247 0.000000 0.045747
-2.717958 0.000000 0.046590
-14.429238 0.000000 0.047205
-13.975937 0.000000 0.045722
2.159058 0.000000 0.048383
14.376538 0.000000 0.046860
21.084256 1.000000 0.054632
19.435557 0.000000 0.050360
20.016224 0.000000 0.046295
19.337698 0.000000 0.046483
11.047730 1.000000 0.046584
10.732732 0.000000 0.045256
7.048596 0.000000 0.046623
7.467508 0.000000 0.049394
10.708422 1.000000 0.043511
14.725610 0.000000 0.041554
12.099949 0.000000 0.044118
11.452200 0.000000 0.041756
5.020263 0.000000 0.042150
4.419232 -1.000000 0.044377
4.220150 0.000000 0.042378
14.348224 0.000000 0.043716
17.916082 0.000000 0.044189
38.593201 -1.000000 0.074549
18.985835 0.000000 0.043489
18.425230 0.000000 0.042205
5.527099 -1.000000 0.043601
1.661264 0.000000 0.042499
2.069940 0.000000 0.052954
7.570414 0.000000 0.056581
10.576304 -1.000000 0.053858
9.986706 0.000000 0.054090
1.079674 1.000000 0.054923
4.085358 0.000000 0.054336
3.999815 0.000000 0.053198
5.746956 0.000000 0.033593
5.364774 0.000000 0.031359
9.990559 1.000000 0.032860
12.280868 0.000000 0.040393
21.603474 0.000000 0.047576
18.085389 1.000000 0.047575
9.646417 0.000000 0.046497
9.248337 0.000000 0.044578
7.490050 1.000000 0.046910
10.150684 0.000000 0.044962
12.327213 0.000000 0.076074
1.539361 0.000000 0.046262
1.355046 0.000000 0.040723
1.606453 0.000000 0.043393
9.279754 0.000000 0.042046
9.491235 0.000000 0.043004
23.457595 0.000000 0.050597
30.494593 -1.000000 0.053254
27.165157 -1.000000 0.048378
29.988480 0.000000 0.053406
23.858670 -1.000000 0.052745
13.955141 -1.000000 0.049357
10.369167 -1.000000 0.050604
8.423604 0.000000 0.041109
6.416717 0.000000 0.040301
5.442027 -1.000000 0.041930
5.411640 0.000000 0.041696
3.602892 0.000000 0.042650
3.305584 1.000000 0.042574
3.260323 0.000000 0.041991
18.019876 1.000000 0.042589
20.336677 1.000000 0.042651
40.983413 1.000000 0.081161
20.154125 0.000000 0.039912
18.865342 1.000000 0.043284
13.084595 1.000000 0.040540
12.664979 0.000000 0.039240
8.643136 0.000000 0.041607
8.287602 0.000000 0.041020
8.083169 0.000000 0.040008
5.168570 1.000000 0.041693
3.006625 -1.000000 0.040838
2.846189 0.000000 0.038659
-8.397790 0.000000 0.040183
-8.483890 0.000000 0.040595
-7.115709 0.000000 0.041188
9.154010 -1.000000 0.041255
8.652549 0.000000 0.038995
14.512865 0.000000 0.040354
14.371129 0.000000 0.039960
17.616366 0.000000 0.040861
11.546558 -1.000000 0.041515
11.297626 0.000000 0.040620
7.246896 -1.000000 0.039629
6.627234 0.000000 0.041127
21.197923 0.000000 0.081288
10.176304 0.000000 0.039023
14.717553 0.000000 0.040750
11.594415 1.000000 0.040434
11.851131 0.000000 0.041329
3.553271 0.000000 0.042037
3.374111 0.000000 0.039917
11.619407 1.000000 0.040453
19.284166 1.000000 0.042265
18.806500 0.000000 0.041218
18.089860 1.000000 0.040275
13.188909 0.000000 0.039781
13.295303 0.000000 0.040102
8.137812 1.000000 0.040501
5.716909 0.000000 0.040371
5.736119 0.000000 0.040507
10.064212 0.000000 0.040565
10.017364 0.000000 0.040376
7.775151 0.000000 0.033547
6.325675 0.000000 0.027293
4.622761 0.000000 0.031210
5.371526 0.000000 0.036265
-3.484373 0.000000 0.043866
-3.871789 -1.000000 0.041076
-3.757086 0.000000 0.039859
8.293966 0.000000 0.041989
27.730604 -1.000000 0.082180
17.803167 -1.000000 0.041715
16.877522 0.000000 0.039546
16.870230 0.000000 0.041064
7.726246 -1.000000 0.042047
7.518762 0.000000 0.040918
2.690809 0.000000 0.040758
3.960422 -1.000000 0.040879
3.930949 0.000000 0.040575
6.678169 0.000000 0.041847
6.587615 0.000000 0.041280
12.207160 0.000000 0.041811
6.394485 0.000000 0.040077
6.444546 0.000000 0.040391
2.679876 1.000000 0.041542
9.912284 0.000000 0.041986
9.674022 0.000000 0.040977
13.025892 1.000000 0.042698
14.205552 0.000000 0.041920
14.045984 0.000000 0.041449
16.496598 1.000000 0.042289
15.479959 0.000000 0.039683
17.384687 1.000000 0.083408
8.588310 0.000000 0.041205
6.937822 0.000000 0.041775
8.946060 0.000000 0.041455
8.574017 0.000000 0.039731
5.873496 0.000000 0.041849
0.634035 0.000000 0.041446
0.629433 0.000000 0.041145
-8.697286 0.000000 0.042297
-8.630612 0.000000 0.041973
5.034621 0.000000 0.042815
15.773790 -1.000000 0.046279
14.075395 0.000000 0.041296
18.472673 0.000000 0.040639
21.300732 -1.000000 0.041648
20.324979 0.000000 0.039740
13.122528 0.000000 0.042383
3.661411 -1.000000 0.042235
3.608974 0.000000 0.041630
1.733104 0.000000 0.043518
1.734333 -1.000000 0.042204
1.686100 0.000000 0.041030
3.716048 0.000000 0.082004
1.843984 0.000000 0.040692
-0.912721 1.000000 0.042322
-0.925771 0.000000 0.042927
14.635141 1.000000 0.042445
18.042356 1.000000 0.041614
17.636940 0.000000 0.040679
22.160282 0.000000 0.043678
20.453023 1.000000 0.043281
19.479911 0.000000 0.041222
6.416558 1.000000 0.042577
1.100987 0.000000 0.042966
1.094242 0.000000 0.042703
3.058979 0.000000 0.042402
5.537808 1.000000 0.041988
5.352785 0.000000 0.040585
2.593811 0.000000 0.041843
2.530289 0.000000 0.040818
-11.323303 0.000000 0.043158
-8.682782 -1.000000 0.043656
-8.555462 0.000000 0.043016
10.564538 -1.000000 0.043433
17.339251 0.000000 0.044009
42.268947 -1.000000 0.078119
18.244656 0.000000 0.041943
18.706160 0.000000 0.043004
7.126734 -1.000000 0.043047
4.572862 0.000000 0.027621
1.814597 -1.000000 0.030850
1.724494 0.000000 0.029318
3.773466 0.000000 0.040840
6.039136 0.000000 0.050474
5.505520 0.000000 0.046014
5.638423 -1.000000 0.047693
3.341871 0.000000 0.049510
3.022731 0.000000 0.044782
-0.294695 1.000000 0.049299
15.450122 0.000000 0.048305
18.931282 1.000000 0.048430
20.884141 0.000000 0.046793
21.095255 0.000000 0.047266
19.718506 0.000000 0.048243
10.864026 0.000000 0.049845
6.041546 1.000000 0.047811
5.807637 0.000000 0.045960
8.898799 0.000000 0.047838
25.975152 0.000000 0.080561
11.049774 0.000000 0.041995
3.847539 0.000000 0.041630
3.913557 0.000000 0.042344
-2.075318 0.000000 0.042015
-2.077732 0.000000 0.042064
7.781969 0.000000 0.042207
15.000946 -1.000000 0.043229
14.364145 0.000000 0.041394
20.505911 0.000000 0.044081
16.847182 -1.000000 0.044206
15.748466 0.000000 0.041323
5.612313 0.000000 0.041997
5.676609 0.000000 0.042478
2.296617 -1.000000 0.043458
5.577148 0.000000 0.042656
12.551058 0.000000 0.044026
12.181511 0.000000 0.042730
15.402643 0.000000 0.042858
14.903017 0.000000 0.041468
7.027068 0.000000 0.042306
6.257685 0.000000 0.042377
18.219468 0.000000 0.043928
40.616667 1.000000 0.077260
21.360312 0.000000 0.040631
21.372390 1.000000 0.040924
22.554792 1.000000 0.044987
20.549736 0.000000 0.040988
7.973187 1.000000 0.042727
7.759497 0.000000 0.041582
2.780710 0.000000 0.041332
6.655877 1.000000 0.042930
12.093191 0.000000 0.043374
11.789669 0.000000 0.042285
6.962551 0.000000 0.042045
1.192462 0.000000 0.042864
1.193655 0.000000 0.042907
1.941498 0.000000 0.041902
13.565704 0.000000 0.041470
13.725665 0.000000 0.041959
16.273507 0.000000 0.040486
16.434219 0.000000 0.040886
22.138738 -1.000000 0.041399
27.551083 -1.000000 0.042799
26.949144 0.000000 0.041864
20.555143 -1.000000 0.043304
12.953764 0.000000 0.042878
13.673476 -1.000000 0.083674
-2.831381 0.000000 0.042426
-2.682213 0.000000 0.040191
-28.626471 0.000000 0.042571
-24.010864 0.000000 0.043339
-23.661485 0.000000 0.042708
9.389787 0.000000 0.044268
8.726995 0.000000 0.041143
17.756845 1.000000 0.043034
23.961113 0.000000 0.044014
20.690940 0.000000 0.038007
16.908303 1.000000 0.028155
19.153083 0.000000 0.031893
15.435965 0.000000 0.034213
10.346850 0.000000 0.035009
8.839486 0.000000 0.029909
9.771371 0.000000 0.033062
14.837387 1.000000 0.047401
10.506041 0.000000 0.042625
10.417777 0.000000 0.042267
5.171632 0.000000 0.043140
-5.610394 0.000000 0.043009
-5.510591 0.000000 0.042244
1.015285 0.000000 0.041553
16.039068 -1.000000 0.043057
15.655041 0.000000 0.042026
19.153325 -1.000000 0.042660
45.104485 0.000000 0.076933
21.334135 -1.000000 0.043765
9.683726 0.000000 0.041748
9.825191 0.000000 0.042358
4.682649 0.000000 0.041341
4.827965 0.000000 0.042624
2.778346 -1.000000 0.041765
0.455114 0.000000 0.044882
0.411442 0.000000 0.040575
-2.502413 1.000000 0.043358
1.305072 0.000000 0.042003
1.284071 0.000000 0.041327
16.417752 1.000000 0.040461
19.583042 0.000000 0.042679
19.115370 0.000000 0.041660
23.325938 0.000000 0.043117
11.556846 1.000000 0.041870
11.763547 0.000000 0.042619
1.846485 1.000000 0.042944
1.623634 0.000000 0.041853
1.613470 0.000000 0.041591
7.612250 0.000000 0.042556
8.640892 1.000000 0.042698
8.690444 0.000000 0.042943
-16.468389 0.000000 0.042532
-14.493202 0.000000 0.078120
8.532566 0.000000 0.043306
8.242773 0.000000 0.041835
17.901453 -1.000000 0.042905
21.557083 0.000000 0.043567
20.075139 0.000000 0.040572
24.944397 -1.000000 0.042828
10.785979 0.000000 0.042800
10.528220 0.000000 0.041777
4.062066 -1.000000 0.042413
4.942233 0.000000 0.043404
4.776794 0.000000 0.041951
5.364996 -1.000000 0.042427
3.047187 0.000000 0.041641
2.938597 0.000000 0.040157
-5.611063 1.000000 0.042126
-5.545009 0.000000 0.041630
6.926586 0.000000 0.043759
18.848509 0.000000 0.044149
17.886108 0.000000 0.041895
21.168078 1.000000 0.043908
22.362766 0.000000 0.042425
20.854681 0.000000 0.039564
16.168690 1.000000 0.042233
5.453223 0.000000 0.042683
5.285965 0.000000 0.041374
4.398677 0.000000 0.043281
7.979802 1.000000 0.041960
16.189797 0.000000 0.076514
8.437261 0.000000 0.039875
4.501256 0.000000 0.042423
2.467880 0.000000 0.041448
2.440922 0.000000 0.040995
13.593291 0.000000 0.043168
18.630808 0.000000 0.042987
18.202085 0.000000 0.041998
21.598349 0.000000 0.043223
26.212716 -1.000000 0.041351
25.717141 0.000000 0.040569
27.151306 0.000000 0.043075
26.036820 0.000000 0.041307
13.715144 0.000000 0.041729
8.825196 -1.000000 0.042112
8.394604 0.000000 0.040057
11.994620 0.000000 0.043495
14.015483 0.000000 0.041421
14.402956 0.000000 0.042566
3.119087 -1.000000 0.042923
5.108276 0.000000 0.042333
5.016961 0.000000 0.041576
18.476313 0.000000 0.041285
23.211891 0.000000 0.041333
22.393142 0.000000 0.039875
47.902390 1.000000 0.076674
20.728728 0.000000 0.041143
5.910406 0.000000 0.041192
6.029762 0.000000 0.042024
1.615139 1.000000 0.043009
4.492677 0.000000 0.040405
4.454874 0.000000 0.040065
6.298921 0.000000 0.042387
5.947311 0.000000 0.040021
0.644751 0.000000 0.041562
-0.980463 0.000000 0.042738
-0.961215 0.000000 0.041899
11.627278 -1.000000 0.043426
39.964527 0.000000 0.041958
38.765482 0.000000 0.040699
32.498074 -1.000000 0.042216
33.155632 0.000000 0.042291
32.819367 0.000000 0.041862
20.177616 -1.000000 0.029198
18.974367 0.000000 0.027457
14.204179 0.000000 0.029285
15.945500 0.000000 0.032875
11.301612 -1.000000 0.041858
14.656078 0.000000 0.054282
13.275754 0.000000 0.052655
9.544399 0.000000 0.054250
4.081944 0.000000 0.053160
4.807836 0.000000 0.081660
20.613830 1.000000 0.042568
21.027085 0.000000 0.041136
20.895709 0.000000 0.040879
26.592340 1.000000 0.043495
25.343412 0.000000 0.041452
21.599284 0.000000 0.042784
11.728217 1.000000 0.042491
11.122656 0.000000 0.040297
11.254567 0.000000 0.041060
15.727969 0.000000 0.041283
15.593173 0.000000 0.040929
14.621901 0.000000 0.041848
9.651194 0.000000 0.041028
9.816306 0.000000 0.041730
0.804175 0.000000 0.042444
7.416586 0.000000 0.042474
7.386736 0.000000 0.042303
22.426114 0.000000 0.042957
24.849124 -1.000000 0.041751
23.819491 0.000000 0.040021
30.344875 0.000000 0.041769
29.032122 0.000000 0.039962
22.867296 -1.000000 0.040750
10.251173 -1.000000 0.041680
9.967887 0.000000 0.040528
4.964732 0.000000 0.041234
5.060324 0.000000 0.042028
6.194378 0.000000 0.043124
2.943362 0.000000 0.042272
2.892762 0.000000 0.041545
-27.222679 -1.000000 0.042239
-20.289868 1.000000 0.043165
14.023857 0.000000 0.086261
18.680362 0.000000 0.041765
18.348078 0.000000 0.041022
23.029854 1.000000 0.041260
27.937601 0.000000 0.041710
27.926263 0.000000 0.041693
26.553935 1.000000 0.041091
14.531163 1.000000 0.041939
13.934155 0.000000 0.040216
8.821125 0.000000 0.041913
8.638024 0.000000 0.041043
6.331705 1.000000 0.040632
-20.148502 0.000000 0.041876
-20.067629 0.000000 0.041708
-32.383373 0.000000 0.040856
-8.632599 0.000000 0.040452
-8.494309 0.000000 0.039804
13.777551 0.000000 0.042485
20.915262 0.000000 0.041415
20.580535 0.000000 0.040752
23.934179 -1.000000 0.041066
23.146160 0.000000 0.039714
29.115967 0.000000 0.042346
23.957442 -1.000000 0.041211
23.491743 0.000000 0.040410
12.395826 0.000000 0.042035
7.634685 0.000000 0.041136
7.303787 0.000000 0.039353
9.549107 0.000000 0.040420
9.392520 0.000000 0.039757
6.869187 0.000000 0.041958
0.854781 0.000000 0.042175
0.812742 0.000000 0.040101
6.635628 0.000000 0.041440
6.378964 0.000000 0.039837
17.618296 1.000000 0.043933
22.414358 0.000000 0.042637
27.395590 1.000000 0.041334
19.381882 0.000000 0.029243
18.589882 0.000000 0.028048
17.544695 1.000000 0.028389
18.026808 0.000000 0.029169
9.535056 0.000000 0.042677
4.142416 0.000000 0.042162
3.956354 0.000000 0.040268
1.688633 0.000000 0.043452
1.574621 0.000000 0.040518
-72.590168 0.000000 0.077570
-38.678597 0.000000 0.041332
-11.530877 0.000000 0.042392
14.652102 0.000000 0.041067
14.792628 0.000000 0.041461
22.418288 -1.000000 0.043109
21.716275 0.000000 0.041759
29.406589 0.000000 0.042971
27.873730 -1.000000 0.042478
27.135604 0.000000 0.041353
18.786782 -1.000000 0.042474
14.764048 0.000000 0.043120
14.427555 0.000000 0.042137
11.833759 0.000000 0.041817
9.558528 0.000000 0.042222
9.052999 0.000000 0.039989
3.941102 0.000000 0.041721
-0.196145 0.000000 0.041580
-0.194215 0.000000 0.041171
16.569550 1.000000 0.042452
21.156871 0.000000 0.042108
20.208241 0.000000 0.040220
23.589248 0.000000 0.041590
20.832595 1.000000 0.041610
21.587594 0.000000 0.043118
10.605852 1.000000 0.041906
10.853672 0.000000 0.042885
11.432472 0.000000 0.072079
8.901460 1.000000 0.042716
10.155864 0.000000 0.042439
9.618636 0.000000 0.040194
-0.779801 0.000000 0.040823
-23.200170 0.000000 0.042052
-24.946309 0.000000 0.045217
-14.735550 0.000000 0.042804
-14.185387 0.000000 0.041206
9.029212 -1.000000 0.042083
16.981576 0.000000 0.041957
25.159904 -1.000000 0.041878
24.810829 0.000000 0.041297
36.048268 0.000000 0.042473
12.727447 -1.000000 0.044390
12.182078 0.000000 0.042488
2.032448 0.000000 0.042697
2.021416 0.000000 0.042465
2.313377 0.000000 0.042427
4.373182 0.000000 0.042489
4.223738 0.000000 0.041037
0.712767 0.000000 0.046300
-20.229191 0.000000 0.042552
0.984308 0.000000 0.042639
0.991600 0.000000 0.042955
16.025322 0.000000 0.043927
20.158366 1.000000 0.042386
20.117432 0.000000 0.042300
19.663127 0.000000 0.041965
19.657988 0.000000 0.041954
20.862423 1.000000 0.075493
11.177477 0.000000 0.040447
11.129075 1.000000 0.040705
11.547958 0.000000 0.042237
15.019647 0.000000 0.040570
17.615315 0.000000 0.041609
16.974474 0.000000 0.040095
9.032454 0.000000 0.041509
-0.219290 0.000000 0.041287
-0.209764 0.000000 0.039494
8.926749 0.000000 0.042819
12.735734 -1.000000 0.041342
12.289399 0.000000 0.039893
16.586041 -1.000000 0.042365
11.655528 0.000000 0.029771
13.699061 -1.000000 0.029597
12.962126 0.000000 0.028005
9.247629 -1.000000 0.030674
12.291981 0.000000 0.040772
1.070663 0.000000 0.041981
1.008174 0.000000 0.039531
-1.440241 0.000000 0.042095
2.563316 0.000000 0.042551
2.374449 0.000000 0.039416
5.262263 0.000000 0.041081
2.211068 0.000000 0.041820
0.678852 0.000000 0.072124
0.374714 0.000000 0.039811
6.362828 1.000000 0.041479
11.227113 0.000000 0.041370
10.879402 0.000000 0.040089
15.948082 0.000000 0.040937
16.886558 0.000000 0.041015
16.807440 0.000000 0.040823
11.833896 0.000000 0.041582
7.836203 -1.000000 0.042440
7.578587 0.000000 0.041045
8.842010 0.000000 0.040760
9.009685 0.000000 0.041533
6.997751 -1.000000 0.041719
6.810392 0.000000 0.040602
5.095106 0.000000 0.039437
0.556726 -1.000000 0.041007
0.539046 0.000000 0.039705
-0.930794 -1.000000 0.040503
10.695183 -1.000000 0.041461
10.208703 0.000000 0.039575
15.711854 -1.000000 0.042473
20.061248 -1.000000 0.041924
20.023371 0.000000 0.041845
19.654577 -1.000000 0.041264
17.162063 -1.000000 0.040641
16.697927 0.000000 0.039542
23.605298 -1.000000 0.073047
12.333312 0.000000 0.041292
12.363506 0.000000 0.041393
11.035772 -1.000000 0.040306
5.557128 -1.000000 0.041323
-0.118544 -1.000000 0.039663
-0.116475 0.000000 0.038971
3.360190 -1.000000 0.041745
3.114774 0.000000 0.038696
16.747511 -2.000000 0.041726
15.936887 0.000000 0.039706
18.869177 -1.000000 0.041055
19.330097 -3.000000 0.041048
19.370741 0.000000 0.041134
14.230901 -2.000000 0.039625
7.147369 -3.000000 0.040053
7.215484 0.000000 0.040435
4.171181 -2.000000 0.040657
3.993696 0.000000 0.038927
6.565479 -2.000000 0.040487
14.256530 -3.000000 0.041001
13.396347 0.000000 0.038527
9.251107 -4.000000 0.039029
9.264557 0.000000 0.039086
-17.703137 -3.000000 0.039281
-26.180863 -4.000000 0.038611
-9.920292 -5.000000 0.070220
-5.340589 0.000000 0.037803
11.755659 -4.000000 0.039837
18.366836 -5.000000 0.041173
17.537153 0.000000 0.039313
16.235288 -5.000000 0.040739
16.129346 0.000000 0.040473
14.624166 -4.000000 0.042196
13.912144 -5.000000 0.043177
13.369710 -3.000000 0.050601
11.435903 0.000000 0.043282
14.019365 -4.000000 0.043218
13.313435 -3.000000 0.041384
13.232669 0.000000 0.041133
12.970890 0.000000 0.040319
11.086496 -2.000000 0.042702
5.353787 -2.000000 0.041867
8.948420 -2.000000 0.035187
9.086965 0.000000 0.035732
11.872989 -1.000000 0.029410
13.464299 0.000000 0.033352
18.101503 -1.000000 0.043504
17.762824 0.000000 0.042690
17.565541 0.000000 0.042228
19.347916 -1.000000 0.042786
18.913322 0.000000 0.041825
15.121197 0.000000 0.042973
14.510646 0.000000 0.043358
28.224279 0.000000 0.074816
11.967636 0.000000 0.043052
11.569583 0.000000 0.041620
-4.174986 0.000000 0.043826
-3.965487 0.000000 0.041627
-6.561719 0.000000 0.042088
6.896636 0.000000 0.043310
6.643482 0.000000 0.041720
15.451317 0.000000 0.043599
20.881493 -1.000000 0.043435
16.689096 -1.000000 0.044249
15.732674 0.000000 0.041713
3.292824 -1.000000 0.042037
3.315160 0.000000 0.042322
-1.932152 0.000000 0.043613
-1.232316 -1.000000 0.043996
-1.165208 0.000000 0.041600
5.036195 0.000000 0.041282
4.990676 0.000000 0.040909
10.888287 1.000000 0.041748
9.712194 0.000000 0.043661
-0.128443 1.000000 0.043083
-0.125045 0.000000 0.041943
10.318830 0.000000 0.042676
27.988967 0.000000 0.074930
18.259369 0.000000 0.042569
17.918822 0.000000 0.041775
17.733750 1.000000 0.043080
10.650657 0.000000 0.041300
10.976341 0.000000 0.042563
2.804988 1.000000 0.043310
6.517880 0.000000 0.044595
6.549033 0.000000 0.044808
10.815399 0.000000 0.041658
12.763595 0.000000 0.042087
12.692592 0.000000 0.041853
8.144947 0.000000 0.042200
1.069362 -1.000000 0.044004
2.997464 0.000000 0.049242
2.494166 0.000000 0.040974
4.181408 -1.000000 0.041733
4.307848 0.000000 0.042995
8.553189 -1.000000 0.044062
3.399988 -1.000000 0.042679
3.282647 0.000000 0.041206
0.160991 0.000000 0.042986
-8.269394 0.000000 0.083526
